% Calibrated with leiden_pols
% Positions are in centimeters
Data =[
 2    82.966    -4.034    59.124
 2     0.170     0.980    -0.030
 2    -0.990     0.170     0.000
 2     0.010     0.030     1.000
 3   121.245    -2.185    -6.438
 3    -0.280    -0.180    -0.940
 3     0.030    -0.980     0.180
 3    -0.960     0.020     0.280
 4   108.265    15.648   -11.551
 4     0.630     0.760    -0.130
 4    -0.650     0.610     0.450
 4     0.420    -0.200     0.890
 5   106.891    43.057    -5.799
 5    -0.260    -0.970     0.050
 5    -0.040    -0.040    -1.000
 5     0.970    -0.260    -0.030
 6   140.335    50.267   -12.637
 6     1.000    -0.020    -0.010
 6     0.020     1.000     0.080
 6     0.000    -0.080     1.000
 7   106.017   -18.868   -11.435
 7     0.490    -0.870    -0.100
 7     0.780     0.480    -0.400
 7     0.400     0.120     0.910
 8   101.455   -46.781    -4.448
 8    -0.130     0.990     0.030
 8    -0.100    -0.040     0.990
 8     0.990     0.130     0.100
 9   133.969   -55.115   -11.214
 9     1.000     0.040    -0.040
 9    -0.050     0.980    -0.170
 9     0.040     0.170     0.980
 2    82.966    -4.034    59.124
 2     0.170     0.980    -0.030
 2    -0.990     0.170     0.000
 2     0.010     0.030     1.000
 3   121.251    -2.231    -6.486
 3    -0.280    -0.180    -0.940
 3     0.030    -0.980     0.180
 3    -0.960     0.030     0.280
 4   108.264    15.601   -11.506
 4     0.630     0.760    -0.130
 4    -0.650     0.610     0.450
 4     0.420    -0.200     0.890
 5   106.908    43.069    -5.681
 5    -0.260    -0.970     0.040
 5    -0.050    -0.030    -1.000
 5     0.970    -0.260    -0.030
 6   140.325    50.258   -12.615
 6     1.000    -0.020    -0.010
 6     0.020     1.000     0.080
 6     0.010    -0.080     1.000
 7   106.018   -18.915   -11.435
 7     0.490    -0.870    -0.100
 7     0.780     0.480    -0.400
 7     0.400     0.120     0.910
 8   101.454   -46.781    -4.403
 8    -0.130     0.990     0.030
 8    -0.100    -0.040     0.990
 8     0.990     0.130     0.100
 9   133.918   -55.160   -11.257
 9     1.000     0.040    -0.050
 9    -0.050     0.980    -0.170
 9     0.040     0.170     0.980
 2    82.966    -4.034    59.124
 2     0.170     0.980    -0.030
 2    -0.990     0.170     0.000
 2     0.010     0.030     1.000
 3   121.244    -2.239    -6.429
 3    -0.280    -0.180    -0.940
 3     0.020    -0.980     0.180
 3    -0.960     0.030     0.280
 4   108.312    15.648   -11.461
 4     0.630     0.760    -0.120
 4    -0.650     0.610     0.450
 4     0.420    -0.200     0.890
 5   106.960    43.157    -5.593
 5    -0.260    -0.970     0.040
 5    -0.050    -0.030    -1.000
 5     0.960    -0.260    -0.040
 6   140.374    50.210   -12.484
 6     1.000    -0.020    -0.010
 6     0.020     1.000     0.080
 6     0.010    -0.080     1.000
 7   105.969   -18.866   -11.435
 7     0.490    -0.870    -0.100
 7     0.780     0.480    -0.400
 7     0.400     0.120     0.910
 8   101.453   -46.734    -4.447
 8    -0.130     0.990     0.030
 8    -0.100    -0.040     0.990
 8     0.990     0.130     0.100
 9   133.913   -55.062   -11.257
 9     1.000     0.040    -0.050
 9    -0.050     0.980    -0.170
 9     0.040     0.170     0.980
 2    82.966    -4.034    59.124
 2     0.170     0.980    -0.030
 2    -0.990     0.170     0.000
 2     0.010     0.030     1.000
 3   121.296    -2.191    -6.432
 3    -0.280    -0.180    -0.940
 3     0.020    -0.980     0.180
 3    -0.960     0.030     0.280
 4   108.311    15.648   -11.417
 4     0.630     0.760    -0.120
 4    -0.650     0.610     0.450
 4     0.420    -0.200     0.890
 5   106.960    43.204    -5.550
 5    -0.260    -0.970     0.040
 5    -0.050    -0.030    -1.000
 5     0.960    -0.260    -0.040
 6   140.371    50.162   -12.395
 6     1.000    -0.020    -0.010
 6     0.030     1.000     0.080
 6     0.010    -0.080     1.000
 7   106.017   -18.868   -11.435
 7     0.490    -0.870    -0.100
 7     0.780     0.480    -0.400
 7     0.400     0.120     0.910
 8   101.453   -46.734    -4.447
 8    -0.130     0.990     0.030
 8    -0.100    -0.040     0.990
 8     0.990     0.130     0.100
 9   133.916   -55.111   -11.257
 9     1.000     0.040    -0.050
 9    -0.050     0.980    -0.170
 9     0.040     0.170     0.980
 2    82.966    -4.034    59.124
 2     0.170     0.980    -0.030
 2    -0.990     0.170     0.000
 2     0.010     0.030     1.000
 3   121.297    -2.191    -6.388
 3    -0.270    -0.180    -0.950
 3     0.020    -0.980     0.180
 3    -0.960     0.030     0.270
 4   108.311    15.694   -11.418
 4     0.630     0.770    -0.120
 4    -0.650     0.610     0.450
 4     0.420    -0.200     0.890
 5   106.960    43.204    -5.506
 5    -0.260    -0.970     0.040
 5    -0.050    -0.030    -1.000
 5     0.960    -0.260    -0.040
 6   140.319    50.210   -12.394
 6     1.000    -0.030    -0.010
 6     0.030     1.000     0.080
 6     0.010    -0.080     1.000
 7   105.969   -18.866   -11.435
 7     0.490    -0.870    -0.100
 7     0.780     0.480    -0.400
 7     0.400     0.120     0.910
 8   101.476   -46.705    -4.368
 8    -0.140     0.990     0.030
 8    -0.090    -0.040     0.990
 8     0.990     0.130     0.100
 9   133.908   -54.965   -11.214
 9     1.000     0.040    -0.050
 9    -0.050     0.980    -0.170
 9     0.040     0.170     0.980
 2    82.966    -4.034    59.124
 2     0.170     0.980    -0.030
 2    -0.990     0.170     0.000
 2     0.010     0.030     1.000
 3   121.297    -2.191    -6.388
 3    -0.270    -0.180    -0.950
 3     0.020    -0.980     0.180
 3    -0.960     0.030     0.270
 4   108.360    15.694   -11.418
 4     0.630     0.760    -0.120
 4    -0.650     0.610     0.450
 4     0.420    -0.200     0.890
 5   106.960    43.204    -5.506
 5    -0.260    -0.970     0.040
 5    -0.050    -0.030    -1.000
 5     0.960    -0.260    -0.040
 6   140.263    50.257   -12.350
 6     1.000    -0.030    -0.010
 6     0.030     1.000     0.080
 6     0.010    -0.080     1.000
 7   106.017   -18.868   -11.435
 7     0.490    -0.870    -0.100
 7     0.780     0.480    -0.400
 7     0.400     0.120     0.910
 8   101.484   -46.751    -4.373
 8    -0.140     0.990     0.030
 8    -0.090    -0.040     0.990
 8     0.990     0.130     0.090
 9   133.856   -54.961   -11.301
 9     1.000     0.040    -0.050
 9    -0.050     0.980    -0.170
 9     0.040     0.170     0.980
 2    82.966    -4.034    59.124
 2     0.170     0.980    -0.030
 2    -0.990     0.170     0.000
 2     0.010     0.030     1.000
 3   121.244    -2.191    -6.341
 3    -0.270    -0.180    -0.950
 3     0.020    -0.980     0.180
 3    -0.960     0.030     0.270
 4   108.262    15.694   -11.372
 4     0.630     0.760    -0.120
 4    -0.650     0.610     0.450
 4     0.420    -0.200     0.890
 5   106.991    43.280    -5.353
 5    -0.260    -0.960     0.050
 5    -0.070    -0.030    -1.000
 5     0.960    -0.260    -0.060
 6   140.260    50.151   -12.679
 6     1.000    -0.030    -0.030
 6     0.030     1.000     0.080
 6     0.020    -0.080     1.000
 7   105.969   -18.866   -11.435
 7     0.490    -0.870    -0.100
 7     0.780     0.480    -0.400
 7     0.400     0.120     0.910
 8   101.465   -46.910    -4.382
 8    -0.140     0.990     0.040
 8    -0.070    -0.050     1.000
 8     0.990     0.130     0.080
 9   133.898   -54.968   -11.615
 9     1.000     0.040    -0.070
 9    -0.060     0.980    -0.170
 9     0.060     0.170     0.980
 2    82.966    -4.034    59.124
 2     0.170     0.980    -0.030
 2    -0.990     0.170     0.000
 2     0.010     0.030     1.000
 3   121.244    -2.191    -6.341
 3    -0.270    -0.180    -0.950
 3     0.020    -0.980     0.180
 3    -0.960     0.030     0.270
 4   108.214    15.648   -11.417
 4     0.630     0.760    -0.120
 4    -0.650     0.610     0.450
 4     0.420    -0.200     0.890
 5   107.095    43.241    -4.984
 5    -0.260    -0.960     0.050
 5    -0.110    -0.020    -0.990
 5     0.960    -0.270    -0.100
