% Calibrated with leiden_pols
% Positions are in centimeters
Data =[
 2    82.966    -4.034    59.124
 2     0.170     0.980    -0.030
 2    -0.990     0.170     0.000
 2     0.010     0.030     1.000
 3   121.831    -1.744    -4.848
 3    -0.320    -0.150    -0.940
 3     0.050    -0.990     0.140
 3    -0.950    -0.010     0.320
 4   110.479    20.047    -5.372
 4     0.640     0.730     0.220
 4    -0.730     0.500     0.460
 4     0.230    -0.460     0.860
 5   109.706    28.321    26.692
 5    -0.340    -0.280    -0.900
 5     0.350     0.850    -0.400
 5     0.870    -0.450    -0.190
 6   141.942    26.059    30.027
 6     0.930    -0.350     0.070
 6    -0.160    -0.230     0.960
 6    -0.320    -0.910    -0.270
 7   108.778   -22.782    -6.607
 7     0.580    -0.790     0.200
 7     0.760     0.430    -0.490
 7     0.300     0.430     0.850
 8   106.978   -32.573    26.169
 8    -0.310     0.270    -0.910
 8    -0.490     0.770     0.400
 8     0.810     0.570    -0.110
 9   140.318   -29.858    32.332
 9     0.970     0.250     0.050
 9     0.130    -0.310    -0.940
 9    -0.220     0.920    -0.330
 2    82.966    -4.034    59.124
 2     0.170     0.980    -0.030
 2    -0.990     0.170     0.000
 2     0.010     0.030     1.000
 3   121.831    -1.744    -4.805
 3    -0.310    -0.150    -0.940
 3     0.050    -0.990     0.140
 3    -0.950    -0.010     0.320
 4   110.479    20.047    -5.372
 4     0.640     0.730     0.220
 4    -0.730     0.500     0.460
 4     0.230    -0.460     0.860
 5   109.706    28.321    26.692
 5    -0.340    -0.280    -0.900
 5     0.350     0.850    -0.400
 5     0.870    -0.450    -0.190
 6   141.997    26.011    30.024
 6     0.930    -0.350     0.070
 6    -0.160    -0.230     0.960
 6    -0.320    -0.910    -0.270
 7   108.777   -22.735    -6.562
 7     0.580    -0.790     0.200
 7     0.760     0.430    -0.490
 7     0.300     0.430     0.850
 8   106.978   -32.573    26.169
 8    -0.310     0.270    -0.910
 8    -0.490     0.770     0.400
 8     0.810     0.570    -0.110
 9   140.269   -29.908    32.421
 9     0.970     0.250     0.050
 9     0.130    -0.310    -0.940
 9    -0.220     0.920    -0.330
 2    82.966    -4.034    59.124
 2     0.170     0.990    -0.030
 2    -0.990     0.170     0.000
 2     0.010     0.030     1.000
 3   121.779    -1.790    -4.846
 3    -0.310    -0.150    -0.940
 3     0.050    -0.990     0.140
 3    -0.950    -0.010     0.320
 4   110.479    20.047    -5.416
 4     0.640     0.730     0.220
 4    -0.730     0.500     0.460
 4     0.230    -0.460     0.860
 5   109.707    28.321    26.737
 5    -0.340    -0.280    -0.900
 5     0.350     0.840    -0.400
 5     0.870    -0.450    -0.190
 6   141.942    26.156    29.981
 6     0.930    -0.350     0.070
 6    -0.160    -0.230     0.960
 6    -0.320    -0.910    -0.270
 7   108.777   -22.735    -6.518
 7     0.580    -0.790     0.200
 7     0.760     0.430    -0.490
 7     0.300     0.430     0.850
 8   106.981   -32.620    26.213
 8    -0.310     0.270    -0.910
 8    -0.490     0.770     0.400
 8     0.810     0.570    -0.110
 9   140.263   -29.905    32.334
 9     0.970     0.250     0.050
 9     0.130    -0.310    -0.940
 9    -0.220     0.920    -0.330
 2    82.966    -4.034    59.124
 2     0.170     0.990    -0.030
 2    -0.990     0.170     0.000
 2     0.010     0.030     1.000
 3   121.779    -1.790    -4.846
 3    -0.310    -0.150    -0.940
 3     0.050    -0.990     0.140
 3    -0.950    -0.010     0.320
 4   110.479    20.047    -5.372
 4     0.640     0.730     0.220
 4    -0.730     0.500     0.460
 4     0.230    -0.460     0.860
 5   109.754    28.321    26.692
 5    -0.340    -0.280    -0.900
 5     0.350     0.840    -0.400
 5     0.870    -0.450    -0.190
 6   142.047    26.108    29.889
 6     0.930    -0.350     0.070
 6    -0.160    -0.230     0.960
 6    -0.320    -0.910    -0.270
 7   108.728   -22.734    -6.518
 7     0.580    -0.790     0.200
 7     0.760     0.430    -0.490
 7     0.300     0.430     0.850
 8   106.981   -32.620    26.213
 8    -0.310     0.270    -0.910
 8    -0.490     0.770     0.400
 8     0.810     0.570    -0.110
 9   140.265   -29.954    32.334
 9     0.970     0.250     0.050
 9     0.130    -0.310    -0.940
 9    -0.220     0.920    -0.330
 2    82.966    -4.034    59.124
 2     0.170     0.980    -0.030
 2    -0.990     0.170     0.000
 2     0.010     0.030     1.000
 3   121.779    -1.791    -4.802
 3    -0.310    -0.150    -0.940
 3     0.050    -0.990     0.140
 3    -0.950    -0.010     0.320
 4   110.430    20.046    -5.371
 4     0.640     0.730     0.220
 4    -0.730     0.500     0.460
 4     0.230    -0.460     0.860
 5   109.756    28.321    26.736
 5    -0.340    -0.280    -0.900
 5     0.350     0.840    -0.400
 5     0.870    -0.450    -0.190
 6   142.047    26.108    29.889
 6     0.930    -0.350     0.070
 6    -0.160    -0.230     0.960
 6    -0.320    -0.910    -0.270
 7   108.728   -22.734    -6.518
 7     0.580    -0.790     0.200
 7     0.760     0.430    -0.490
 7     0.300     0.430     0.850
 8   107.030   -32.669    26.213
 8    -0.310     0.270    -0.910
 8    -0.490     0.780     0.400
 8     0.810     0.570    -0.110
 9   140.317   -29.953    32.288
 9     0.970     0.250     0.050
 9     0.120    -0.310    -0.940
 9    -0.220     0.920    -0.330
 2    82.966    -4.034    59.124
 2     0.170     0.990    -0.030
 2    -0.990     0.170     0.000
 2     0.010     0.030     1.000
 3   121.730    -1.788    -4.844
 3    -0.310    -0.150    -0.940
 3     0.050    -0.990     0.140
 3    -0.950    -0.000     0.320
 4   110.430    20.046    -5.371
 4     0.640     0.730     0.220
 4    -0.730     0.500     0.460
 4     0.230    -0.460     0.860
 5   109.805    28.321    26.736
 5    -0.340    -0.280    -0.900
 5     0.350     0.840    -0.400
 5     0.870    -0.450    -0.190
 6   142.046    26.060    29.890
 6     0.930    -0.350     0.070
 6    -0.160    -0.230     0.960
 6    -0.320    -0.910    -0.270
 7   108.677   -22.782    -6.548
 7     0.580    -0.790     0.200
 7     0.760     0.430    -0.490
 7     0.310     0.430     0.850
 8   106.981   -32.620    26.213
 8    -0.310     0.270    -0.910
 8    -0.490     0.780     0.400
 8     0.810     0.570    -0.110
 9   140.313   -30.000    32.201
 9     0.970     0.250     0.050
 9     0.120    -0.310    -0.940
 9    -0.220     0.920    -0.330
 2    82.966    -4.034    59.124
 2     0.170     0.980    -0.030
 2    -0.990     0.170     0.000
 2     0.010     0.030     1.000
 3   121.730    -1.788    -4.844
 3    -0.310    -0.150    -0.940
 3     0.050    -0.990     0.140
 3    -0.950    -0.000     0.320
 4   110.430    19.999    -5.326
 4     0.640     0.730     0.220
 4    -0.730     0.500     0.460
 4     0.230    -0.460     0.860
 5   109.854    28.457    26.699
 5    -0.350    -0.280    -0.890
 5     0.350     0.840    -0.400
 5     0.870    -0.460    -0.190
 6   142.046    26.060    29.890
 6     0.930    -0.350     0.070
 6    -0.160    -0.230     0.960
 6    -0.320    -0.910    -0.270
 7   108.725   -22.784    -6.548
 7     0.580    -0.790     0.200
 7     0.760     0.430    -0.490
 7     0.310     0.430     0.850
 8   107.073   -32.766    26.130
 8    -0.320     0.280    -0.910
 8    -0.490     0.770     0.400
 8     0.810     0.570    -0.110
 9   140.365   -30.098    32.112
 9     0.970     0.250     0.040
 9     0.120    -0.310    -0.940
 9    -0.220     0.920    -0.330
 2    82.966    -4.034    59.124
 2     0.170     0.980    -0.030
 2    -0.990     0.170     0.000
 2     0.010     0.030     1.000
 3   121.730    -1.741    -4.800
 3    -0.310    -0.150    -0.940
 3     0.050    -0.990     0.140
 3    -0.950    -0.000     0.320
 4   110.381    20.093    -5.370
 4     0.640     0.730     0.220
 4    -0.730     0.500     0.460
 4     0.230    -0.460     0.860
 5   110.663    29.203    26.335
 5    -0.360    -0.290    -0.890
 5     0.390     0.820    -0.420
 5     0.850    -0.500    -0.180
