% Calibrated with leiden_pols
% Positions are in centimeters
Data =[
 2    83.249    -4.235    58.549
 2     0.560     0.820    -0.060
 2    -0.830     0.560    -0.030
 2     0.010     0.060     1.000
 3   126.559    -0.799     0.631
 3    -0.500    -0.020    -0.870
 3     0.040    -1.000     0.000
 3    -0.870    -0.030     0.500
 4   112.382    17.461    -0.483
 4     0.790     0.620     0.030
 4    -0.510     0.620     0.600
 4     0.350    -0.490     0.800
 5   107.426    24.940    25.730
 5    -0.020    -0.270    -0.960
 5     0.640     0.730    -0.220
 5     0.770    -0.620     0.160
 6   121.271    30.332    46.477
 6     0.450     0.040     0.890
 6    -0.890     0.090     0.450
 6    -0.060    -1.000     0.080
 7   111.227   -17.602    -2.258
 7     0.590    -0.810    -0.010
 7     0.680     0.510    -0.520
 7     0.430     0.300     0.850
 8   107.587   -24.585    27.011
 8    -0.140     0.310    -0.940
 8    -0.050     0.950     0.320
 8     0.990     0.090    -0.110
 9   123.387   -32.691    47.286
 9     0.530    -0.050     0.850
 9     0.820    -0.230    -0.520
 9     0.220     0.970    -0.080
 2    83.248    -4.238    58.550
 2     0.560     0.820    -0.060
 2    -0.830     0.560    -0.030
 2     0.010     0.070     1.000
 3   126.612    -0.800     0.628
 3    -0.500    -0.020    -0.870
 3     0.040    -1.000     0.000
 3    -0.870    -0.030     0.500
 4   112.382    17.507    -0.439
 4     0.790     0.620     0.030
 4    -0.510     0.620     0.600
 4     0.350    -0.490     0.800
 5   107.475    24.940    25.730
 5    -0.020    -0.270    -0.960
 5     0.640     0.730    -0.220
 5     0.770    -0.620     0.160
 6   121.268    30.379    46.433
 6     0.450     0.040     0.890
 6    -0.890     0.090     0.450
 6    -0.060    -1.000     0.080
 7   111.227   -17.648    -2.258
 7     0.590    -0.810    -0.010
 7     0.680     0.510    -0.530
 7     0.430     0.300     0.850
 8   107.587   -24.585    27.011
 8    -0.140     0.310    -0.940
 8    -0.050     0.950     0.320
 8     0.990     0.090    -0.110
 9   123.334   -32.689    47.287
 9     0.530    -0.050     0.850
 9     0.820    -0.230    -0.520
 9     0.220     0.970    -0.080
 2    83.249    -4.235    58.549
 2     0.560     0.820    -0.060
 2    -0.830     0.560    -0.030
 2     0.010     0.060     1.000
 3   126.612    -0.798     0.540
 3    -0.500    -0.020    -0.870
 3     0.040    -1.000     0.000
 3    -0.870    -0.030     0.500
 4   112.382    17.461    -0.483
 4     0.790     0.620     0.030
 4    -0.510     0.620     0.600
 4     0.350    -0.490     0.800
 5   107.475    24.940    25.730
 5    -0.020    -0.270    -0.960
 5     0.640     0.730    -0.220
 5     0.770    -0.620     0.160
 6   121.271    30.332    46.477
 6     0.450     0.040     0.890
 6    -0.890     0.090     0.450
 6    -0.060    -1.000     0.080
 7   111.276   -17.650    -2.258
 7     0.590    -0.810    -0.010
 7     0.680     0.510    -0.520
 7     0.430     0.300     0.850
 8   107.586   -24.584    26.967
 8    -0.140     0.310    -0.940
 8    -0.050     0.950     0.320
 8     0.990     0.090    -0.110
 9   123.387   -32.691    47.286
 9     0.530    -0.050     0.850
 9     0.820    -0.230    -0.520
 9     0.220     0.970    -0.080
 2    83.249    -4.235    58.549
 2     0.560     0.820    -0.060
 2    -0.830     0.560    -0.030
 2     0.010     0.060     1.000
 3   126.612    -0.800     0.628
 3    -0.500    -0.020    -0.870
 3     0.040    -1.000     0.000
 3    -0.870    -0.030     0.500
 4   112.382    17.461    -0.483
 4     0.790     0.620     0.030
 4    -0.510     0.620     0.600
 4     0.350    -0.490     0.800
 5   107.430    24.904    25.716
 5    -0.020    -0.270    -0.960
 5     0.640     0.730    -0.220
 5     0.760    -0.620     0.160
 6   121.269    30.382    46.428
 6     0.450     0.040     0.890
 6    -0.890     0.080     0.450
 6    -0.060    -1.000     0.070
 7   111.227   -17.648    -2.258
 7     0.590    -0.810    -0.010
 7     0.680     0.510    -0.530
 7     0.430     0.300     0.850
 8   107.633   -24.539    26.968
 8    -0.140     0.310    -0.940
 8    -0.050     0.950     0.320
 8     0.990     0.090    -0.110
 9   123.336   -32.641    47.331
 9     0.530    -0.050     0.850
 9     0.820    -0.230    -0.520
 9     0.220     0.970    -0.080
 2    83.249    -4.235    58.549
 2     0.560     0.820    -0.060
 2    -0.830     0.560    -0.030
 2     0.010     0.060     1.000
 3   126.612    -0.848     0.629
 3    -0.500    -0.020    -0.870
 3     0.040    -1.000     0.000
 3    -0.870    -0.030     0.500
 4   112.382    17.413    -0.482
 4     0.790     0.620     0.030
 4    -0.510     0.620     0.600
 4     0.350    -0.490     0.800
 5   107.429    24.904    25.672
 5    -0.020    -0.270    -0.960
 5     0.640     0.730    -0.220
 5     0.760    -0.620     0.160
 6   121.220    30.382    46.474
 6     0.450     0.040     0.890
 6    -0.890     0.080     0.450
 6    -0.060    -1.000     0.070
 7   111.227   -17.696    -2.258
 7     0.590    -0.810    -0.010
 7     0.680     0.510    -0.530
 7     0.430     0.300     0.850
 8   107.634   -24.586    26.968
 8    -0.140     0.310    -0.940
 8    -0.050     0.950     0.320
 8     0.990     0.090    -0.110
 9   123.277   -32.689    47.350
 9     0.530    -0.050     0.850
 9     0.820    -0.240    -0.520
 9     0.230     0.970    -0.080
 2    83.248    -4.238    58.550
 2     0.560     0.820    -0.060
 2    -0.830     0.560    -0.030
 2     0.010     0.070     1.000
 3   126.612    -0.848     0.629
 3    -0.500    -0.020    -0.870
 3     0.040    -1.000     0.000
 3    -0.870    -0.030     0.500
 4   112.431    17.461    -0.439
 4     0.790     0.620     0.030
 4    -0.510     0.620     0.600
 4     0.350    -0.490     0.800
 5   107.429    24.952    25.669
 5    -0.020    -0.270    -0.960
 5     0.640     0.730    -0.220
 5     0.760    -0.630     0.160
 6   121.223    30.335    46.518
 6     0.450     0.040     0.890
 6    -0.890     0.080     0.450
 6    -0.060    -1.000     0.070
 7   111.227   -17.696    -2.258
 7     0.590    -0.810    -0.010
 7     0.680     0.510    -0.530
 7     0.430     0.300     0.850
 8   107.588   -24.538    27.055
 8    -0.140     0.310    -0.940
 8    -0.050     0.950     0.310
 8     0.990     0.090    -0.110
 9   123.226   -32.593    47.396
 9     0.520    -0.050     0.850
 9     0.820    -0.240    -0.520
 9     0.230     0.970    -0.080
 2    83.248    -4.238    58.550
 2     0.560     0.820    -0.060
 2    -0.830     0.560    -0.030
 2     0.010     0.070     1.000
 3   126.612    -0.849     0.672
 3    -0.490    -0.020    -0.870
 3     0.040    -1.000     0.000
 3    -0.870    -0.030     0.500
 4   112.431    17.507    -0.439
 4     0.790     0.620     0.030
 4    -0.510     0.620     0.600
 4     0.350    -0.490     0.800
 5   107.528    24.997    25.712
 5    -0.020    -0.270    -0.960
 5     0.650     0.730    -0.220
 5     0.760    -0.630     0.160
 6   121.279    30.331    46.563
 6     0.450     0.040     0.890
 6    -0.890     0.090     0.450
 6    -0.060    -1.000     0.080
 7   111.277   -17.698    -2.302
 7     0.590    -0.810    -0.010
 7     0.680     0.510    -0.530
 7     0.430     0.300     0.850
 8   107.669   -24.615    27.015
 8    -0.140     0.300    -0.940
 8    -0.070     0.950     0.310
 8     0.990     0.100    -0.110
 9   123.224   -32.640    47.353
 9     0.520    -0.050     0.850
 9     0.820    -0.240    -0.520
 9     0.230     0.970    -0.080
 2    83.248    -4.238    58.550
 2     0.560     0.820    -0.060
 2    -0.830     0.560    -0.030
 2     0.010     0.070     1.000
 3   126.612    -0.849     0.717
 3    -0.490    -0.020    -0.870
 3     0.040    -1.000     0.000
 3    -0.870    -0.030     0.490
 4   112.431    17.413    -0.439
 4     0.790     0.620     0.030
 4    -0.510     0.620     0.600
 4     0.350    -0.490     0.800
 5   107.730    25.196    25.735
 5    -0.020    -0.270    -0.960
 5     0.660     0.720    -0.220
 5     0.750    -0.640     0.160
