% Calibrated with leiden_pols
% Positions are in centimeters
Data =[
 2    83.250    -4.281    58.549
 2     0.560     0.820    -0.060
 2    -0.830     0.560    -0.030
 2     0.010     0.060     1.000
 3   133.051    -0.275    -0.809
 3    -0.360    -0.010    -0.930
 3     0.060    -1.000    -0.010
 3    -0.930    -0.060     0.360
 4   116.053    14.013    -6.362
 4     0.810     0.560    -0.170
 4    -0.480     0.800     0.360
 4     0.340    -0.210     0.920
 5   113.262    35.509     0.438
 5    -0.250    -0.970     0.070
 5    -0.060    -0.050    -1.000
 5     0.970    -0.260    -0.050
 6   139.341    44.298   -11.023
 6     0.970    -0.020    -0.240
 6     0.060     0.990     0.130
 6     0.240    -0.140     0.960
 7   114.965   -12.958    -7.272
 7     0.510    -0.860    -0.070
 7     0.790     0.500    -0.360
 7     0.340     0.130     0.930
 8   112.239   -37.078     0.114
 8    -0.170     0.970     0.180
 8     0.520    -0.070     0.850
 8     0.830     0.240    -0.500
 9   135.560   -48.699   -13.656
 9     0.960    -0.140    -0.240
 9     0.090     0.970    -0.200
 9     0.260     0.180     0.950
 2    83.249    -4.235    58.549
 2     0.560     0.820    -0.060
 2    -0.830     0.560    -0.030
 2     0.010     0.060     1.000
 3   132.996    -0.227    -0.761
 3    -0.360    -0.010    -0.930
 3     0.060    -1.000    -0.010
 3    -0.930    -0.060     0.360
 4   115.953    13.872    -6.360
 4     0.810     0.560    -0.170
 4    -0.480     0.800     0.360
 4     0.340    -0.210     0.920
 5   113.000    35.409     0.486
 5    -0.250    -0.970     0.060
 5    -0.020    -0.060    -1.000
 5     0.970    -0.250    -0.010
 6   139.566    44.004   -10.490
 6     0.980    -0.030    -0.200
 6     0.050     0.990     0.120
 6     0.200    -0.130     0.970
 7   114.865   -12.955    -7.272
 7     0.510    -0.860    -0.070
 7     0.790     0.500    -0.360
 7     0.340     0.130     0.930
 8   112.273   -37.141    -0.255
 8    -0.180     0.960     0.190
 8     0.490    -0.080     0.870
 8     0.850     0.250    -0.460
 9   136.432   -48.397   -13.261
 9     0.970    -0.120    -0.200
 9     0.080     0.980    -0.200
 9     0.220     0.180     0.960
 2    83.248    -4.238    58.550
 2     0.560     0.820    -0.060
 2    -0.830     0.560    -0.030
 2     0.010     0.070     1.000
 3   132.996    -0.325    -0.761
 3    -0.360    -0.010    -0.930
 3     0.060    -1.000    -0.010
 3    -0.930    -0.060     0.360
 4   115.953    13.872    -6.360
 4     0.810     0.560    -0.170
 4    -0.480     0.800     0.360
 4     0.340    -0.210     0.920
 5   113.130    35.399     0.567
 5    -0.250    -0.970     0.060
 5    -0.010    -0.060    -1.000
 5     0.970    -0.250     0.000
 6   139.916    44.085   -10.080
 6     0.980    -0.030    -0.180
 6     0.050     0.990     0.120
 6     0.170    -0.130     0.980
 7   114.965   -13.053    -7.272
 7     0.510    -0.850    -0.070
 7     0.790     0.500    -0.350
 7     0.340     0.130     0.930
 8   112.551   -37.176    -0.455
 8    -0.200     0.960     0.190
 8     0.460    -0.080     0.880
 8     0.860     0.260    -0.430
 9   137.278   -48.328   -12.646
 9     0.980    -0.100    -0.150
 9     0.070     0.980    -0.200
 9     0.160     0.190     0.970
 2    83.248    -4.238    58.550
 2     0.560     0.820    -0.060
 2    -0.830     0.560    -0.030
 2     0.010     0.070     1.000
 3   132.996    -0.325    -0.761
 3    -0.360    -0.010    -0.930
 3     0.060    -1.000    -0.020
 3    -0.930    -0.060     0.360
 4   116.006    13.925    -6.289
 4     0.810     0.560    -0.160
 4    -0.480     0.800     0.370
 4     0.330    -0.220     0.920
 5   114.369    35.548     1.307
 5    -0.260    -0.970     0.040
 5     0.020    -0.050    -1.000
 5     0.970    -0.260     0.030
 6   140.301    44.211    -9.015
 6     0.990    -0.020    -0.140
 6     0.040     0.990     0.130
 6     0.140    -0.140     0.980
 7   115.014   -13.103    -7.318
 7     0.520    -0.850    -0.070
 7     0.790     0.510    -0.350
 7     0.340     0.120     0.930
 8   112.964   -37.190    -0.195
 8    -0.220     0.960     0.180
 8     0.440    -0.070     0.900
 8     0.870     0.280    -0.400
 9   138.189   -47.739   -11.636
 9     0.990    -0.080    -0.110
 9     0.060     0.980    -0.200
 9     0.120     0.200     0.970
 2    83.248    -4.238    58.550
 2     0.560     0.820    -0.060
 2    -0.830     0.560    -0.030
 2     0.010     0.070     1.000
 3   132.996    -0.325    -0.761
 3    -0.360    -0.010    -0.930
 3     0.060    -1.000    -0.020
 3    -0.930    -0.060     0.360
 4   116.005    13.925    -6.199
 4     0.810     0.570    -0.160
 4    -0.480     0.790     0.370
 4     0.330    -0.220     0.920
 5   114.490    35.739     1.427
 5    -0.260    -0.960     0.030
 5     0.030    -0.040    -1.000
 5     0.960    -0.260     0.040
 6   140.750    44.139    -8.454
 6     0.990    -0.030    -0.120
 6     0.050     0.990     0.130
 6     0.120    -0.140     0.980
 7   115.014   -13.245    -7.318
 7     0.520    -0.850    -0.080
 7     0.780     0.520    -0.350
 7     0.340     0.120     0.930
 8   113.354   -37.319     0.068
 8    -0.240     0.960     0.170
 8     0.440    -0.050     0.900
 8     0.860     0.290    -0.410
 9   138.946   -47.684   -11.180
 9     0.990    -0.060    -0.100
 9     0.030     0.970    -0.220
 9     0.110     0.220     0.970
 2    83.248    -4.238    58.550
 2     0.560     0.820    -0.060
 2    -0.830     0.560    -0.030
 2     0.010     0.070     1.000
 3   132.886    -0.324    -0.752
 3    -0.370    -0.010    -0.930
 3     0.060    -1.000    -0.010
 3    -0.930    -0.060     0.360
 4   115.699    13.968    -6.181
 4     0.810     0.560    -0.170
 4    -0.480     0.800     0.370
 4     0.340    -0.220     0.910
 5   114.664    35.613     1.312
 5    -0.280    -0.960     0.050
 5     0.010    -0.050    -1.000
 5     0.960    -0.280     0.020
 6   140.803    44.042    -8.543
 6     0.990    -0.040    -0.130
 6     0.050     0.990     0.130
 6     0.120    -0.140     0.980
 7   114.860   -13.196    -7.169
 7     0.530    -0.840    -0.090
 7     0.770     0.520    -0.360
 7     0.350     0.130     0.930
 8   113.805   -37.399     0.863
 8    -0.250     0.950     0.170
 8     0.480    -0.030     0.870
 8     0.840     0.300    -0.450
 9   138.799   -46.925   -11.663
 9     0.980    -0.030    -0.190
 9    -0.020     0.970    -0.260
 9     0.190     0.250     0.950
 2    83.248    -4.238    58.550
 2     0.560     0.820    -0.060
 2    -0.830     0.560    -0.030
 2     0.010     0.070     1.000
 3   132.613    -0.213    -0.880
 3    -0.370    -0.010    -0.930
 3     0.070    -1.000    -0.010
 3    -0.930    -0.070     0.370
 4   115.292    13.769    -6.234
 4     0.810     0.560    -0.190
 4    -0.470     0.800     0.370
 4     0.360    -0.210     0.910
 5   113.385    35.507     0.066
 5    -0.280    -0.960     0.080
 5    -0.040    -0.070    -1.000
 5     0.960    -0.290    -0.020
 6   139.955    43.634   -10.515
 6     0.980    -0.060    -0.200
 6     0.080     0.990     0.120
 6     0.190    -0.130     0.970
 7   114.556   -13.238    -7.108
 7     0.530    -0.840    -0.090
 7     0.760     0.530    -0.370
 7     0.360     0.130     0.920
 8   114.096   -37.328     1.113
 8    -0.240     0.950     0.190
 8     0.570    -0.020     0.820
 8     0.780     0.300    -0.540
 9   137.324   -46.732   -13.575
 9     0.940    -0.040    -0.330
 9    -0.060     0.960    -0.280
 9     0.320     0.280     0.900
 2    83.248    -4.238    58.550
 2     0.560     0.820    -0.060
 2    -0.830     0.560    -0.030
 2     0.010     0.070     1.000
 3   132.366    -0.169    -1.024
 3    -0.380    -0.020    -0.920
 3     0.070    -1.000    -0.010
 3    -0.920    -0.070     0.380
 4   114.736    13.665    -6.371
 4     0.800     0.560    -0.220
 4    -0.470     0.810     0.360
 4     0.380    -0.190     0.910
 5   113.008    35.439    -0.378
 5    -0.270    -0.960     0.110
 5    -0.120    -0.080    -0.990
 5     0.960    -0.280    -0.090
