% Calibrated with leiden_pols
% Positions are in centimeters
Data =[
 2    83.248    -4.238    58.550
 2     0.560     0.820    -0.060
 2    -0.830     0.560    -0.030
 2     0.010     0.070     1.000
 3   134.406    -0.230    -0.708
 3    -0.330    -0.020    -0.940
 3     0.070    -1.000     0.000
 3    -0.940    -0.060     0.330
 4   117.944    13.888    -6.540
 4     0.830     0.540    -0.140
 4    -0.470     0.810     0.350
 4     0.300    -0.220     0.930
 5   118.395    35.578    -0.124
 5    -0.330    -0.940     0.070
 5     0.010    -0.080    -1.000
 5     0.940    -0.330     0.040
 6   144.825    41.899   -10.429
 6     0.980    -0.120    -0.140
 6     0.120     0.990     0.020
 6     0.140    -0.040     0.990
 7   117.030   -13.440    -7.542
 7     0.550    -0.830    -0.080
 7     0.770     0.550    -0.330
 7     0.320     0.130     0.940
 8   117.228   -37.867    -0.491
 8    -0.310     0.930     0.180
 8     0.450    -0.020     0.890
 8     0.840     0.350    -0.410
 9   144.029   -45.089   -12.245
 9     0.990     0.060    -0.120
 9    -0.090     0.960    -0.250
 9     0.100     0.260     0.960
 2    83.248    -4.238    58.550
 2     0.560     0.820    -0.060
 2    -0.830     0.560    -0.030
 2     0.010     0.070     1.000
 3   134.512    -0.134    -0.717
 3    -0.330    -0.020    -0.940
 3     0.070    -1.000     0.000
 3    -0.940    -0.070     0.330
 4   118.044    13.983    -6.500
 4     0.830     0.540    -0.140
 4    -0.470     0.810     0.350
 4     0.300    -0.230     0.930
 5   118.448    35.678    -0.008
 5    -0.340    -0.940     0.060
 5     0.020    -0.070    -1.000
 5     0.940    -0.330     0.040
 6   144.893    41.958   -10.410
 6     0.980    -0.120    -0.140
 6     0.120     0.990     0.020
 6     0.130    -0.040     0.990
 7   117.131   -13.443    -7.500
 7     0.560    -0.830    -0.080
 7     0.770     0.550    -0.330
 7     0.320     0.130     0.940
 8   117.369   -37.837    -0.344
 8    -0.310     0.930     0.170
 8     0.440    -0.020     0.900
 8     0.840     0.360    -0.410
 9   144.193   -44.949   -12.007
 9     0.990     0.060    -0.110
 9    -0.090     0.960    -0.250
 9     0.090     0.260     0.960
 2    83.248    -4.238    58.550
 2     0.560     0.820    -0.060
 2    -0.830     0.560    -0.030
 2     0.010     0.070     1.000
 3   134.512    -0.135    -0.672
 3    -0.330    -0.020    -0.940
 3     0.070    -1.000     0.000
 3    -0.940    -0.070     0.330
 4   118.045    14.030    -6.544
 4     0.830     0.540    -0.140
 4    -0.470     0.810     0.350
 4     0.300    -0.230     0.930
 5   118.551    35.771     0.124
 5    -0.340    -0.940     0.060
 5     0.020    -0.070    -1.000
 5     0.940    -0.340     0.040
 6   144.948    42.006   -10.192
 6     0.980    -0.120    -0.130
 6     0.130     0.990     0.030
 6     0.130    -0.040     0.990
 7   117.130   -13.443    -7.589
 7     0.560    -0.830    -0.080
 7     0.770     0.550    -0.330
 7     0.320     0.120     0.940
 8   117.419   -37.843    -0.252
 8    -0.310     0.930     0.170
 8     0.440    -0.020     0.900
 8     0.840     0.360    -0.410
 9   144.246   -44.952   -11.963
 9     0.990     0.060    -0.110
 9    -0.090     0.960    -0.260
 9     0.090     0.260     0.960
 2    83.248    -4.238    58.550
 2     0.560     0.820    -0.060
 2    -0.830     0.560    -0.030
 2     0.010     0.070     1.000
 3   134.511    -0.183    -0.716
 3    -0.330    -0.020    -0.940
 3     0.070    -1.000     0.000
 3    -0.940    -0.070     0.330
 4   118.044    14.029    -6.456
 4     0.830     0.540    -0.140
 4    -0.470     0.810     0.350
 4     0.300    -0.230     0.930
 5   118.751    35.769     0.259
 5    -0.340    -0.940     0.060
 5     0.020    -0.070    -1.000
 5     0.940    -0.340     0.040
 6   145.002    42.053   -10.109
 6     0.980    -0.120    -0.130
 6     0.130     0.990     0.030
 6     0.130    -0.050     0.990
 7   117.131   -13.443    -7.634
 7     0.560    -0.830    -0.080
 7     0.770     0.550    -0.330
 7     0.320     0.120     0.940
 8   117.619   -37.809    -0.201
 8    -0.320     0.930     0.170
 8     0.450    -0.010     0.890
 8     0.840     0.360    -0.410
 9   144.391   -44.722   -11.897
 9     0.990     0.060    -0.120
 9    -0.090     0.960    -0.260
 9     0.100     0.260     0.960
 2    83.248    -4.238    58.550
 2     0.560     0.820    -0.060
 2    -0.830     0.560    -0.030
 2     0.010     0.070     1.000
 3   134.512    -0.135    -0.672
 3    -0.330    -0.020    -0.940
 3     0.070    -1.000    -0.000
 3    -0.940    -0.070     0.330
 4   118.042    14.024    -6.575
 4     0.830     0.530    -0.150
 4    -0.460     0.810     0.350
 4     0.310    -0.230     0.920
 5   118.944    35.796     0.325
 5    -0.350    -0.930     0.060
 5     0.000    -0.060    -1.000
 5     0.940    -0.350     0.030
 6   145.040    41.947    -9.998
 6     0.980    -0.130    -0.140
 6     0.130     0.990     0.030
 6     0.140    -0.050     0.990
 7   117.076   -13.445    -7.662
 7     0.560    -0.820    -0.090
 7     0.760     0.550    -0.340
 7     0.330     0.120     0.940
 8   118.142   -37.920    -0.260
 8    -0.320     0.930     0.170
 8     0.470    -0.000     0.880
 8     0.820     0.370    -0.440
 9   144.584   -44.548   -12.312
 9     0.980     0.080    -0.160
 9    -0.120     0.960    -0.260
 9     0.130     0.270     0.950
 2    83.249    -4.235    58.549
 2     0.560     0.820    -0.060
 2    -0.830     0.560    -0.030
 2     0.010     0.060     1.000
 3   134.568    -0.086    -0.764
 3    -0.330    -0.020    -0.940
 3     0.070    -1.000    -0.000
 3    -0.940    -0.070     0.330
 4   117.986    14.160    -6.561
 4     0.830     0.530    -0.150
 4    -0.460     0.810     0.360
 4     0.320    -0.230     0.920
 5   117.934    36.056    -0.133
 5    -0.360    -0.930     0.070
 5    -0.040    -0.060    -1.000
 5     0.930    -0.360    -0.020
 6   144.909    41.800   -10.977
 6     0.970    -0.140    -0.200
 6     0.150     0.990     0.030
 6     0.190    -0.060     0.980
 7   117.025   -13.443    -7.662
 7     0.560    -0.820    -0.100
 7     0.760     0.560    -0.340
 7     0.330     0.120     0.940
 8   118.568   -37.637     0.090
 8    -0.330     0.930     0.180
 8     0.520     0.020     0.850
 8     0.790     0.370    -0.490
 9   144.149   -43.908   -13.622
 9     0.970     0.090    -0.230
 9    -0.150     0.950    -0.260
 9     0.190     0.280     0.940
 2    83.248    -4.238    58.550
 2     0.560     0.820    -0.060
 2    -0.830     0.560    -0.030
 2     0.010     0.070     1.000
 3   134.568    -0.086    -0.764
 3    -0.330    -0.020    -0.940
 3     0.070    -1.000    -0.000
 3    -0.940    -0.070     0.330
 4   117.889    14.114    -6.602
 4     0.830     0.530    -0.160
 4    -0.450     0.820     0.360
 4     0.320    -0.220     0.920
 5   118.191    35.958    -0.148
 5    -0.360    -0.930     0.080
 5    -0.090    -0.050    -0.990
 5     0.930    -0.370    -0.060
 6   144.641    41.003   -12.424
 6     0.950    -0.170    -0.270
 6     0.180     0.980     0.030
 6     0.260    -0.070     0.960
 7   116.968   -13.303    -7.691
 7     0.560    -0.820    -0.110
 7     0.750     0.560    -0.340
 7     0.340     0.110     0.930
 8   118.998   -37.542    -0.089
 8    -0.330     0.920     0.200
 8     0.560     0.030     0.830
 8     0.760     0.380    -0.530
 9   143.815   -43.232   -14.819
 9     0.950     0.110    -0.300
 9    -0.190     0.950    -0.250
 9     0.260     0.290     0.920
 2    83.247    -4.234    58.506
 2     0.560     0.820    -0.060
 2    -0.830     0.560    -0.030
 2     0.010     0.060     1.000
 3   134.624     0.012    -0.813
 3    -0.330    -0.020    -0.940
 3     0.070    -1.000    -0.000
 3    -0.940    -0.070     0.330
 4   117.781    14.061    -6.541
 4     0.830     0.530    -0.180
 4    -0.450     0.820     0.360
 4     0.330    -0.220     0.920
 5   118.624    35.990    -0.463
 5    -0.360    -0.930     0.110
 5    -0.160    -0.060    -0.990
 5     0.920    -0.370    -0.130
