% Calibrated with leiden_pols
% Positions are in centimeters
Data =[
 2    83.248    -4.238    58.550
 2     0.560     0.820    -0.060
 2    -0.830     0.560    -0.030
 2     0.010     0.070     1.000
 3   133.497    -0.313     0.380
 3    -0.380    -0.040    -0.930
 3     0.050    -1.000     0.030
 3    -0.930    -0.030     0.380
 4   119.041    17.378    -1.756
 4     0.790     0.570     0.220
 4    -0.590     0.600     0.540
 4     0.170    -0.550     0.810
 5   117.882    30.625    22.216
 5    -0.470    -0.610    -0.640
 5     0.300     0.570    -0.770
 5     0.830    -0.550    -0.080
 6   145.367    32.096    19.013
 6     0.920    -0.340    -0.170
 6     0.210     0.090     0.970
 6    -0.320    -0.930     0.160
 7   117.695   -17.065    -3.581
 7     0.580    -0.800     0.120
 7     0.740     0.460    -0.490
 7     0.340     0.370     0.860
 8   117.828   -30.000    24.173
 8    -0.460     0.630    -0.620
 8     0.320     0.780     0.540
 8     0.830     0.050    -0.560
 9   146.541   -35.731    20.643
 9     0.950     0.150    -0.260
 9    -0.220    -0.250    -0.940
 9    -0.210     0.960    -0.200
 2    83.248    -4.238    58.550
 2     0.560     0.820    -0.060
 2    -0.830     0.560    -0.030
 2     0.010     0.070     1.000
 3   133.497    -0.314     0.425
 3    -0.380    -0.040    -0.930
 3     0.050    -1.000     0.030
 3    -0.930    -0.030     0.380
 4   119.091    17.330    -1.713
 4     0.790     0.570     0.220
 4    -0.590     0.600     0.540
 4     0.170    -0.550     0.810
 5   117.883    30.624    22.260
 5    -0.470    -0.610    -0.640
 5     0.300     0.570    -0.770
 5     0.830    -0.550    -0.080
 6   145.369    32.096    19.056
 6     0.920    -0.350    -0.170
 6     0.210     0.090     0.970
 6    -0.320    -0.930     0.160
 7   117.695   -17.065    -3.581
 7     0.580    -0.800     0.120
 7     0.740     0.460    -0.490
 7     0.340     0.370     0.860
 8   117.882   -30.050    24.148
 8    -0.470     0.630    -0.620
 8     0.320     0.780     0.540
 8     0.820     0.050    -0.560
 9   146.597   -35.781    20.598
 9     0.950     0.150    -0.260
 9    -0.220    -0.250    -0.940
 9    -0.210     0.960    -0.200
 2    83.248    -4.238    58.550
 2     0.560     0.820    -0.060
 2    -0.830     0.560    -0.030
 2     0.010     0.070     1.000
 3   133.551    -0.365     0.466
 3    -0.380    -0.040    -0.930
 3     0.050    -1.000     0.020
 3    -0.930    -0.030     0.380
 4   119.041    17.378    -1.712
 4     0.790     0.570     0.220
 4    -0.590     0.600     0.540
 4     0.170    -0.550     0.810
 5   117.884    30.624    22.304
 5    -0.470    -0.610    -0.640
 5     0.300     0.570    -0.770
 5     0.830    -0.550    -0.080
 6   145.369    32.045    19.058
 6     0.920    -0.350    -0.170
 6     0.220     0.090     0.970
 6    -0.320    -0.930     0.160
 7   117.695   -17.065    -3.581
 7     0.580    -0.800     0.120
 7     0.740     0.460    -0.490
 7     0.340     0.370     0.860
 8   117.924   -30.008    24.110
 8    -0.470     0.630    -0.620
 8     0.320     0.780     0.540
 8     0.820     0.060    -0.560
 9   146.650   -35.735    20.551
 9     0.950     0.150    -0.260
 9    -0.220    -0.250    -0.940
 9    -0.210     0.960    -0.200
 2    83.248    -4.238    58.550
 2     0.560     0.820    -0.060
 2    -0.830     0.560    -0.030
 2     0.010     0.070     1.000
 3   133.492    -0.371     0.478
 3    -0.380    -0.040    -0.930
 3     0.040    -1.000     0.020
 3    -0.930    -0.030     0.380
 4   119.041    17.378    -1.712
 4     0.790     0.570     0.220
 4    -0.590     0.600     0.540
 4     0.170    -0.550     0.810
 5   117.935    30.671    22.303
 5    -0.470    -0.610    -0.640
 5     0.300     0.570    -0.770
 5     0.830    -0.550    -0.080
 6   145.371    32.045    19.101
 6     0.920    -0.350    -0.170
 6     0.220     0.090     0.970
 6    -0.320    -0.930     0.160
 7   117.746   -17.019    -3.581
 7     0.580    -0.800     0.120
 7     0.740     0.460    -0.490
 7     0.340     0.370     0.860
 8   117.975   -30.105    24.066
 8    -0.470     0.630    -0.620
 8     0.320     0.770     0.550
 8     0.820     0.060    -0.560
 9   146.762   -35.691    20.592
 9     0.950     0.160    -0.260
 9    -0.220    -0.250    -0.940
 9    -0.210     0.960    -0.200
 2    83.249    -4.235    58.549
 2     0.560     0.820    -0.060
 2    -0.830     0.560    -0.030
 2     0.010     0.060     1.000
 3   133.492    -0.371     0.478
 3    -0.380    -0.040    -0.930
 3     0.040    -1.000     0.020
 3    -0.930    -0.030     0.380
 4   119.040    17.426    -1.670
 4     0.790     0.570     0.220
 4    -0.590     0.600     0.540
 4     0.170    -0.560     0.810
 5   117.936    30.671    22.346
 5    -0.470    -0.610    -0.640
 5     0.300     0.570    -0.770
 5     0.830    -0.550    -0.080
 6   145.367    31.997    19.058
 6     0.920    -0.350    -0.180
 6     0.220     0.090     0.970
 6    -0.320    -0.930     0.160
 7   117.745   -17.019    -3.537
 7     0.580    -0.800     0.120
 7     0.740     0.460    -0.490
 7     0.340     0.370     0.860
 8   118.171   -30.221    24.080
 8    -0.470     0.630    -0.620
 8     0.310     0.770     0.550
 8     0.820     0.070    -0.560
 9   146.938   -35.646    20.428
 9     0.950     0.160    -0.260
 9    -0.210    -0.250    -0.950
 9    -0.220     0.950    -0.200
 2    83.248    -4.238    58.550
 2     0.560     0.820    -0.060
 2    -0.830     0.560    -0.030
 2     0.010     0.070     1.000
 3   133.437    -0.322     0.526
 3    -0.380    -0.040    -0.930
 3     0.040    -1.000     0.020
 3    -0.930    -0.030     0.380
 4   119.040    17.426    -1.582
 4     0.790     0.570     0.220
 4    -0.590     0.600     0.540
 4     0.170    -0.560     0.810
 5   117.712    30.360    22.588
 5    -0.460    -0.620    -0.630
 5     0.270     0.580    -0.770
 5     0.840    -0.520    -0.110
 6   144.996    32.878    18.810
 6     0.930    -0.310    -0.210
 6     0.250     0.080     0.960
 6    -0.280    -0.950     0.160
 7   117.744   -16.924    -3.493
 7     0.590    -0.800     0.120
 7     0.740     0.470    -0.490
 7     0.340     0.370     0.860
 8   118.188   -29.922    24.236
 8    -0.470     0.630    -0.620
 8     0.330     0.770     0.540
 8     0.820     0.050    -0.570
 9   146.851   -35.694    20.396
 9     0.950     0.140    -0.270
 9    -0.230    -0.250    -0.940
 9    -0.200     0.960    -0.200
 2    83.248    -4.238    58.550
 2     0.560     0.820    -0.060
 2    -0.830     0.560    -0.030
 2     0.010     0.070     1.000
 3   133.412    -0.230     0.625
 3    -0.380    -0.040    -0.930
 3     0.050    -1.000     0.020
 3    -0.920    -0.030     0.380
 4   118.983    17.514    -1.523
 4     0.790     0.570     0.230
 4    -0.590     0.600     0.540
 4     0.180    -0.560     0.810
 5   117.207    29.848    23.216
 5    -0.450    -0.640    -0.630
 5     0.200     0.610    -0.760
 5     0.870    -0.470    -0.150
 6   144.356    34.109    18.478
 6     0.940    -0.230    -0.260
 6     0.280     0.090     0.950
 6    -0.200    -0.970     0.150
 7   117.746   -16.922    -3.539
 7     0.590    -0.800     0.120
 7     0.730     0.470    -0.490
 7     0.340     0.380     0.860
 8   117.195   -29.359    24.211
 8    -0.450     0.650    -0.610
 8     0.410     0.760     0.510
 8     0.790    -0.020    -0.610
 9   145.922   -37.324    19.666
 9     0.940     0.040    -0.330
 9    -0.310    -0.250    -0.920
 9    -0.120     0.970    -0.220
 2    83.248    -4.238    58.550
 2     0.560     0.820    -0.060
 2    -0.830     0.560    -0.030
 2     0.010     0.070     1.000
 3   133.407    -0.230     0.579
 3    -0.380    -0.040    -0.930
 3     0.050    -1.000     0.020
 3    -0.920    -0.040     0.380
 4   118.928    17.561    -1.432
 4     0.780     0.580     0.230
 4    -0.600     0.590     0.540
 4     0.180    -0.560     0.810
 5   116.497    29.241    23.840
 5    -0.420    -0.660    -0.630
 5     0.140     0.640    -0.760
 5     0.900    -0.400    -0.180
