% Calibrated with leiden_pols
% Positions are in centimeters
Data =[
 2    83.249    -4.235    58.549
 2     0.560     0.820    -0.060
 2    -0.830     0.560    -0.030
 2     0.010     0.060     1.000
 3   133.910    -0.226     0.958
 3    -0.340    -0.040    -0.940
 3     0.040    -1.000     0.020
 3    -0.940    -0.030     0.340
 4   120.515    17.777    -1.372
 4     0.800     0.580     0.110
 4    -0.520     0.610     0.600
 4     0.280    -0.540     0.790
 5   115.267    24.151    26.530
 5    -0.260    -0.570    -0.780
 5     0.030     0.810    -0.590
 5     0.960    -0.180    -0.190
 6   138.028    38.046    22.960
 6     0.910     0.250    -0.340
 6     0.310     0.150     0.940
 6     0.290    -0.960     0.060
 7   119.484   -17.244    -3.172
 7     0.620    -0.780     0.050
 7     0.680     0.510    -0.530
 7     0.380     0.360     0.850
 8   116.154   -25.159    25.631
 8    -0.290     0.590    -0.750
 8     0.480     0.770     0.420
 8     0.830    -0.230    -0.510
 9   140.783   -39.804    23.365
 9     0.880    -0.310    -0.360
 9    -0.440    -0.270    -0.850
 9     0.170     0.910    -0.380
 2    83.248    -4.238    58.550
 2     0.560     0.820    -0.060
 2    -0.830     0.560    -0.030
 2     0.010     0.070     1.000
 3   133.971    -0.168     0.854
 3    -0.340    -0.040    -0.940
 3     0.050    -1.000     0.020
 3    -0.940    -0.030     0.340
 4   120.462    17.777    -1.370
 4     0.800     0.590     0.110
 4    -0.530     0.600     0.600
 4     0.280    -0.540     0.790
 5   114.519    24.718    25.341
 5    -0.250    -0.580    -0.780
 5    -0.010     0.800    -0.600
 5     0.970    -0.140    -0.200
 6   136.900    39.084    22.800
 6     0.880     0.310    -0.350
 6     0.310     0.170     0.930
 6     0.350    -0.940     0.060
 7   119.486   -17.146    -3.262
 7     0.620    -0.780     0.050
 7     0.680     0.510    -0.530
 7     0.380     0.370     0.850
 8   116.137   -25.034    25.588
 8    -0.280     0.600    -0.750
 8     0.510     0.750     0.420
 8     0.810    -0.270    -0.520
 9   139.549   -41.843    22.937
 9     0.840    -0.390    -0.380
 9    -0.490    -0.230    -0.840
 9     0.240     0.890    -0.380
 2    83.201    -4.238    58.552
 2     0.560     0.820    -0.060
 2    -0.830     0.560    -0.030
 2     0.010     0.070     1.000
 3   133.966    -0.120     0.809
 3    -0.340    -0.040    -0.940
 3     0.050    -1.000     0.020
 3    -0.940    -0.040     0.340
 4   120.463    17.872    -1.416
 4     0.800     0.590     0.120
 4    -0.530     0.600     0.600
 4     0.280    -0.540     0.790
 5   114.421    24.816    25.032
 5    -0.240    -0.590    -0.770
 5    -0.040     0.800    -0.600
 5     0.970    -0.110    -0.220
 6   135.841    40.081    22.612
 6     0.860     0.350    -0.370
 6     0.320     0.190     0.930
 6     0.400    -0.910     0.050
 7   119.437   -17.144    -3.262
 7     0.620    -0.780     0.050
 7     0.680     0.510    -0.530
 7     0.380     0.370     0.850
 8   116.252   -24.773    25.417
 8    -0.260     0.610    -0.740
 8     0.540     0.730     0.410
 8     0.800    -0.290    -0.530
 9   138.529   -42.572    22.631
 9     0.800    -0.450    -0.390
 9    -0.520    -0.200    -0.830
 9     0.290     0.870    -0.390
 2    83.248    -4.238    58.550
 2     0.560     0.820    -0.060
 2    -0.830     0.560    -0.030
 2     0.010     0.070     1.000
 3   134.022    -0.022     0.760
 3    -0.340    -0.040    -0.940
 3     0.050    -1.000     0.020
 3    -0.940    -0.040     0.340
 4   120.412    17.824    -1.414
 4     0.800     0.590     0.120
 4    -0.530     0.600     0.600
 4     0.280    -0.540     0.790
 5   114.249    24.724    25.221
 5    -0.220    -0.600    -0.770
 5    -0.070     0.800    -0.600
 5     0.970    -0.080    -0.220
 6   134.842    40.835    22.689
 6     0.830     0.400    -0.370
 6     0.310     0.210     0.930
 6     0.450    -0.890     0.050
 7   119.532   -17.104    -3.289
 7     0.620    -0.780     0.050
 7     0.680     0.510    -0.530
 7     0.390     0.370     0.850
 8   116.129   -24.744    25.435
 8    -0.240     0.630    -0.740
 8     0.570     0.710     0.420
 8     0.790    -0.320    -0.530
 9   136.707   -43.901    22.661
 9     0.760    -0.520    -0.400
 9    -0.540    -0.150    -0.830
 9     0.370     0.840    -0.390
 2    83.248    -4.238    58.550
 2     0.560     0.820    -0.060
 2    -0.830     0.560    -0.030
 2     0.010     0.070     1.000
 3   134.076    -0.023     0.757
 3    -0.340    -0.040    -0.940
 3     0.050    -1.000     0.020
 3    -0.940    -0.040     0.340
 4   120.359    17.777    -1.454
 4     0.800     0.590     0.120
 4    -0.540     0.600     0.590
 4     0.280    -0.540     0.800
 5   114.271    24.694    25.057
 5    -0.210    -0.610    -0.770
 5    -0.110     0.790    -0.600
 5     0.970    -0.040    -0.230
 6   133.660    41.672    22.350
 6     0.800     0.460    -0.380
 6     0.310     0.230     0.920
 6     0.510    -0.860     0.040
 7   119.533   -17.055    -3.335
 7     0.630    -0.780     0.060
 7     0.680     0.510    -0.530
 7     0.390     0.370     0.840
 8   115.865   -24.553    25.301
 8    -0.210     0.640    -0.740
 8     0.600     0.680     0.420
 8     0.770    -0.360    -0.530
 9   135.126   -45.130    22.416
 9     0.720    -0.580    -0.400
 9    -0.550    -0.110    -0.830
 9     0.430     0.810    -0.400
 2    83.248    -4.238    58.550
 2     0.560     0.820    -0.060
 2    -0.830     0.560    -0.030
 2     0.010     0.070     1.000
 3   134.132    -0.015     0.654
 3    -0.340    -0.040    -0.940
 3     0.060    -1.000     0.020
 3    -0.940    -0.050     0.350
 4   120.308    17.729    -1.494
 4     0.790     0.600     0.120
 4    -0.540     0.600     0.590
 4     0.280    -0.530     0.800
 5   114.539    24.123    26.856
 5    -0.180    -0.630    -0.760
 5    -0.150     0.780    -0.610
 5     0.970     0.000    -0.240
 6   132.078    42.832    22.280
 6     0.760     0.520    -0.390
 6     0.300     0.250     0.920
 6     0.570    -0.820     0.040
 7   119.439   -17.094    -3.440
 7     0.620    -0.780     0.060
 7     0.680     0.500    -0.530
 7     0.380     0.370     0.840
 8   115.458   -24.639    25.213
 8    -0.180     0.660    -0.730
 8     0.640     0.640     0.420
 8     0.750    -0.390    -0.530
 9   132.829   -46.518    22.723
 9     0.660    -0.640    -0.400
 9    -0.560    -0.070    -0.830
 9     0.500     0.770    -0.400
 2    83.248    -4.238    58.550
 2     0.560     0.820    -0.060
 2    -0.830     0.560    -0.030
 2     0.010     0.070     1.000
 3   134.297    -0.017     0.512
 3    -0.350    -0.040    -0.940
 3     0.060    -1.000     0.020
 3    -0.940    -0.050     0.350
 4   120.210    17.593    -1.593
 4     0.790     0.600     0.130
 4    -0.550     0.600     0.580
 4     0.270    -0.530     0.800
 5   114.176    24.049    26.575
 5    -0.160    -0.640    -0.750
 5    -0.190     0.760    -0.620
 5     0.970     0.040    -0.240
 6   130.339    43.842    22.213
 6     0.720     0.570    -0.390
 6     0.280     0.270     0.920
 6     0.630    -0.780     0.040
 7   119.339   -17.233    -3.617
 7     0.620    -0.790     0.070
 7     0.690     0.500    -0.520
 7     0.380     0.370     0.850
 8   115.385   -24.316    25.117
 8    -0.150     0.660    -0.730
 8     0.670     0.610     0.420
 8     0.730    -0.420    -0.540
 9   131.125   -47.630    22.488
 9     0.610    -0.690    -0.400
 9    -0.570    -0.030    -0.820
 9     0.550     0.720    -0.410
 2    83.248    -4.238    58.550
 2     0.560     0.820    -0.060
 2    -0.830     0.560    -0.030
 2     0.010     0.070     1.000
 3   134.429    -0.081     0.572
 3    -0.350    -0.050    -0.940
 3     0.060    -1.000     0.030
 3    -0.930    -0.050     0.350
 4   120.211    17.551    -1.604
 4     0.780     0.610     0.150
 4    -0.570     0.590     0.570
 4     0.260    -0.530     0.810
 5   113.760    23.829    26.381
 5    -0.130    -0.660    -0.740
 5    -0.230     0.750    -0.620
 5     0.970     0.090    -0.240
