% Calibrated with leiden_pols
% Positions are in centimeters
Data =[
 2    83.248    -4.238    58.550
 2     0.560     0.820    -0.060
 2    -0.830     0.560    -0.030
 2     0.010     0.070     1.000
 3   139.763     0.252     0.598
 3    -0.250    -0.050    -0.970
 3     0.090    -1.000     0.030
 3    -0.960    -0.080     0.250
 4   125.379    17.415    -3.036
 4     0.740     0.620     0.260
 4    -0.650     0.580     0.490
 4     0.150    -0.530     0.830
 5   114.130    27.810    19.209
 5     0.190    -0.400    -0.900
 5     0.760     0.640    -0.130
 5     0.620    -0.660     0.430
 6   123.588    35.246    41.671
 6     0.340     0.110     0.930
 6    -0.940     0.130     0.320
 6    -0.090    -0.980     0.150
 7   125.013   -17.425    -4.898
 7     0.620    -0.770     0.160
 7     0.740     0.500    -0.440
 7     0.260     0.400     0.880
 8   114.153   -27.545    20.657
 8     0.060     0.420    -0.900
 8    -0.330     0.860     0.380
 8     0.940     0.270     0.190
 9   125.841   -37.217    42.901
 9     0.370    -0.100     0.920
 9     0.920    -0.100    -0.380
 9     0.130     0.990     0.060
 2    83.248    -4.238    58.550
 2     0.560     0.820    -0.060
 2    -0.830     0.560    -0.030
 2     0.010     0.070     1.000
 3   139.762     0.203     0.642
 3    -0.250    -0.050    -0.970
 3     0.090    -1.000     0.030
 3    -0.960    -0.080     0.250
 4   125.379    17.415    -3.081
 4     0.740     0.620     0.260
 4    -0.650     0.580     0.490
 4     0.150    -0.530     0.830
 5   114.080    27.810    19.249
 5     0.190    -0.400    -0.900
 5     0.760     0.640    -0.130
 5     0.620    -0.660     0.420
 6   123.588    35.246    41.671
 6     0.340     0.110     0.930
 6    -0.940     0.130     0.320
 6    -0.090    -0.980     0.150
 7   125.013   -17.425    -4.898
 7     0.620    -0.770     0.170
 7     0.740     0.500    -0.440
 7     0.260     0.400     0.880
 8   114.155   -27.546    20.744
 8     0.060     0.420    -0.910
 8    -0.330     0.860     0.380
 8     0.940     0.270     0.190
 9   125.901   -37.174    42.986
 9     0.370    -0.100     0.920
 9     0.920    -0.100    -0.380
 9     0.130     0.990     0.050
 2    83.248    -4.238    58.550
 2     0.560     0.820    -0.060
 2    -0.830     0.560    -0.030
 2     0.010     0.070     1.000
 3   139.756     0.175     0.503
 3    -0.250    -0.050    -0.970
 3     0.090    -1.000     0.030
 3    -0.970    -0.080     0.250
 4   125.379    17.415    -3.081
 4     0.740     0.620     0.260
 4    -0.650     0.580     0.490
 4     0.150    -0.530     0.830
 5   114.130    27.810    19.248
 5     0.190    -0.400    -0.900
 5     0.760     0.640    -0.130
 5     0.620    -0.660     0.420
 6   123.534    35.197    41.675
 6     0.340     0.110     0.930
 6    -0.940     0.130     0.320
 6    -0.090    -0.980     0.150
 7   125.064   -17.428    -4.854
 7     0.620    -0.770     0.170
 7     0.740     0.500    -0.440
 7     0.260     0.400     0.880
 8   114.155   -27.453    20.795
 8     0.050     0.420    -0.910
 8    -0.330     0.860     0.380
 8     0.940     0.280     0.180
 9   125.902   -37.128    43.030
 9     0.370    -0.100     0.920
 9     0.920    -0.100    -0.380
 9     0.130     0.990     0.050
 2    83.248    -4.238    58.550
 2     0.560     0.820    -0.060
 2    -0.830     0.560    -0.030
 2     0.010     0.070     1.000
 3   139.756     0.175     0.503
 3    -0.250    -0.050    -0.970
 3     0.090    -1.000     0.030
 3    -0.970    -0.080     0.250
 4   125.379    17.367    -3.036
 4     0.740     0.620     0.260
 4    -0.650     0.580     0.490
 4     0.150    -0.530     0.830
 5   114.130    27.762    19.249
 5     0.190    -0.400    -0.900
 5     0.760     0.640    -0.130
 5     0.620    -0.660     0.420
 6   123.586    35.150    41.673
 6     0.340     0.110     0.930
 6    -0.940     0.130     0.320
 6    -0.090    -0.980     0.150
 7   125.115   -17.430    -4.854
 7     0.620    -0.770     0.170
 7     0.740     0.500    -0.440
 7     0.260     0.400     0.880
 8   114.208   -27.455    20.835
 8     0.060     0.420    -0.910
 8    -0.330     0.870     0.380
 8     0.940     0.270     0.180
 9   125.909   -37.131    43.118
 9     0.370    -0.100     0.920
 9     0.920    -0.110    -0.380
 9     0.130     0.990     0.050
 2    83.248    -4.238    58.550
 2     0.560     0.820    -0.060
 2    -0.830     0.560    -0.030
 2     0.010     0.070     1.000
 3   139.755     0.125     0.547
 3    -0.250    -0.050    -0.970
 3     0.090    -1.000     0.030
 3    -0.970    -0.080     0.250
 4   125.431    17.319    -3.037
 4     0.740     0.620     0.260
 4    -0.650     0.580     0.490
 4     0.150    -0.530     0.830
 5   114.129    27.667    19.295
 5     0.190    -0.400    -0.900
 5     0.760     0.640    -0.130
 5     0.620    -0.660     0.420
 6   123.587    35.007    41.719
 6     0.340     0.110     0.930
 6    -0.940     0.130     0.320
 6    -0.090    -0.980     0.150
 7   125.115   -17.479    -4.809
 7     0.620    -0.770     0.170
 7     0.740     0.500    -0.440
 7     0.260     0.400     0.880
 8   114.207   -27.408    20.878
 8     0.060     0.410    -0.910
 8    -0.330     0.870     0.370
 8     0.940     0.280     0.190
 9   125.803   -37.029    43.165
 9     0.370    -0.100     0.920
 9     0.920    -0.110    -0.380
 9     0.130     0.990     0.050
 2    83.248    -4.238    58.550
 2     0.560     0.820    -0.060
 2    -0.830     0.560    -0.030
 2     0.010     0.070     1.000
 3   139.755     0.123     0.636
 3    -0.250    -0.050    -0.970
 3     0.090    -1.000     0.030
 3    -0.970    -0.080     0.250
 4   125.428    17.319    -2.991
 4     0.740     0.620     0.270
 4    -0.660     0.580     0.490
 4     0.150    -0.530     0.830
 5   114.081    27.619    19.428
 5     0.190    -0.400    -0.900
 5     0.760     0.640    -0.120
 5     0.620    -0.660     0.420
 6   123.536    34.959    41.765
 6     0.340     0.110     0.940
 6    -0.940     0.130     0.320
 6    -0.090    -0.980     0.150
 7   125.116   -17.528    -4.807
 7     0.610    -0.770     0.170
 7     0.750     0.500    -0.440
 7     0.260     0.400     0.880
 8   114.109   -27.357    20.876
 8     0.060     0.410    -0.910
 8    -0.330     0.870     0.370
 8     0.940     0.280     0.190
 9   125.696   -36.884    43.317
 9     0.370    -0.100     0.920
 9     0.920    -0.110    -0.380
 9     0.140     0.990     0.050
 2    83.249    -4.235    58.549
 2     0.560     0.820    -0.060
 2    -0.830     0.560    -0.030
 2     0.010     0.060     1.000
 3   139.813     0.221     0.675
 3    -0.250    -0.050    -0.970
 3     0.090    -1.000     0.030
 3    -0.970    -0.080     0.250
 4   125.489    17.374    -2.922
 4     0.740     0.620     0.270
 4    -0.660     0.580     0.480
 4     0.140    -0.530     0.830
 5   113.829    27.384    19.475
 5     0.200    -0.390    -0.900
 5     0.760     0.640    -0.110
 5     0.620    -0.660     0.420
 6   123.122    34.755    42.066
 6     0.330     0.110     0.940
 6    -0.940     0.120     0.310
 6    -0.080    -0.990     0.150
 7   125.173   -17.478    -4.739
 7     0.610    -0.770     0.180
 7     0.750     0.500    -0.440
 7     0.250     0.400     0.880
 8   113.966   -27.207    20.870
 8     0.070     0.400    -0.910
 8    -0.330     0.870     0.360
 8     0.940     0.280     0.190
 9   125.227   -36.577    43.506
 9     0.360    -0.090     0.930
 9     0.920    -0.110    -0.370
 9     0.140     0.990     0.040
 2    83.248    -4.238    58.550
 2     0.560     0.820    -0.060
 2    -0.830     0.560    -0.030
 2     0.010     0.070     1.000
 3   139.758     0.224     0.719
 3    -0.240    -0.050    -0.970
 3     0.090    -1.000     0.030
 3    -0.970    -0.080     0.250
 4   125.488    17.469    -2.881
 4     0.740     0.620     0.270
 4    -0.660     0.570     0.480
 4     0.140    -0.540     0.830
 5   113.535    27.302    19.507
 5     0.220    -0.380    -0.900
 5     0.760     0.650    -0.090
 5     0.610    -0.660     0.430
