% Calibrated with leiden_pols
% Positions are in centimeters
Data =[
 2    83.249    -4.235    58.549
 2     0.560     0.820    -0.060
 2    -0.830     0.560    -0.030
 2     0.010     0.060     1.000
 3   140.041     0.236     1.649
 3    -0.220    -0.030    -0.970
 3     0.070    -1.000     0.020
 3    -0.970    -0.060     0.220
 4   127.038    18.116    -2.169
 4     0.760     0.580     0.300
 4    -0.650     0.590     0.480
 4     0.100    -0.560     0.820
 5   116.232    26.502    22.169
 5     0.120    -0.300    -0.950
 5     0.780     0.610    -0.100
 5     0.610    -0.730     0.310
 6   126.704    32.885    44.308
 6     0.390     0.100     0.910
 6    -0.920     0.040     0.390
 6    -0.000    -0.990     0.100
 7   125.965   -16.965    -4.601
 7     0.600    -0.780     0.180
 7     0.770     0.510    -0.380
 7     0.210     0.370     0.910
 8   116.683   -25.948    23.436
 8    -0.040     0.320    -0.950
 8    -0.330     0.890     0.310
 8     0.940     0.320     0.070
 9   130.340   -34.017    45.089
 9     0.440    -0.090     0.890
 9     0.870    -0.210    -0.450
 9     0.230     0.970    -0.010
 2    83.249    -4.284    58.550
 2     0.560     0.820    -0.060
 2    -0.830     0.560    -0.030
 2     0.010     0.070     1.000
 3   140.098     0.235     1.646
 3    -0.220    -0.030    -0.970
 3     0.070    -1.000     0.020
 3    -0.970    -0.060     0.220
 4   127.038    18.068    -2.124
 4     0.760     0.580     0.300
 4    -0.650     0.590     0.480
 4     0.100    -0.560     0.820
 5   116.283    26.502    22.212
 5     0.120    -0.300    -0.950
 5     0.780     0.610    -0.100
 5     0.610    -0.730     0.310
 6   126.705    32.933    44.308
 6     0.390     0.100     0.910
 6    -0.920     0.040     0.390
 6    -0.000    -0.990     0.100
 7   126.016   -16.968    -4.557
 7     0.600    -0.780     0.180
 7     0.770     0.510    -0.380
 7     0.210     0.370     0.910
 8   116.683   -25.901    23.436
 8    -0.040     0.320    -0.950
 8    -0.330     0.890     0.310
 8     0.940     0.330     0.070
 9   130.287   -34.063    45.091
 9     0.440    -0.090     0.890
 9     0.870    -0.210    -0.450
 9     0.230     0.970    -0.010
 2    83.249    -4.235    58.549
 2     0.560     0.820    -0.060
 2    -0.830     0.560    -0.030
 2     0.010     0.060     1.000
 3   140.147     0.174     1.613
 3    -0.220    -0.030    -0.970
 3     0.060    -1.000     0.020
 3    -0.970    -0.060     0.220
 4   127.091    18.068    -2.125
 4     0.760     0.580     0.300
 4    -0.650     0.590     0.480
 4     0.100    -0.560     0.820
 5   116.332    26.550    22.124
 5     0.120    -0.300    -0.950
 5     0.790     0.610    -0.090
 5     0.610    -0.730     0.310
 6   126.758    32.885    44.305
 6     0.390     0.090     0.910
 6    -0.920     0.040     0.390
 6    -0.000    -0.990     0.100
 7   126.017   -16.967    -4.602
 7     0.600    -0.780     0.180
 7     0.770     0.510    -0.380
 7     0.210     0.370     0.910
 8   116.681   -25.853    23.392
 8    -0.040     0.310    -0.950
 8    -0.330     0.890     0.310
 8     0.940     0.330     0.070
 9   130.290   -34.016    45.134
 9     0.440    -0.090     0.890
 9     0.870    -0.210    -0.450
 9     0.230     0.970    -0.010
 2    83.249    -4.284    58.550
 2     0.560     0.820    -0.060
 2    -0.830     0.560    -0.030
 2     0.010     0.070     1.000
 3   140.148     0.173     1.701
 3    -0.220    -0.030    -0.970
 3     0.060    -1.000     0.020
 3    -0.970    -0.060     0.220
 4   127.091    18.067    -2.169
 4     0.760     0.580     0.300
 4    -0.650     0.590     0.480
 4     0.100    -0.560     0.820
 5   116.538    26.562    22.010
 5     0.130    -0.300    -0.950
 5     0.790     0.610    -0.090
 5     0.600    -0.740     0.310
 6   126.663    32.983    44.301
 6     0.390     0.100     0.920
 6    -0.920     0.050     0.390
 6    -0.010    -0.990     0.110
 7   126.014   -16.968    -4.602
 7     0.600    -0.780     0.170
 7     0.770     0.510    -0.380
 7     0.210     0.360     0.910
 8   116.829   -25.859    23.393
 8    -0.040     0.310    -0.950
 8    -0.340     0.890     0.310
 8     0.940     0.330     0.070
 9   130.297   -33.965    45.114
 9     0.440    -0.090     0.890
 9     0.870    -0.200    -0.450
 9     0.220     0.970    -0.010
 2    83.249    -4.235    58.549
 2     0.560     0.820    -0.060
 2    -0.830     0.560    -0.030
 2     0.010     0.060     1.000
 3   140.148     0.173     1.701
 3    -0.220    -0.040    -0.970
 3     0.060    -1.000     0.020
 3    -0.970    -0.060     0.220
 4   127.187    18.060    -2.199
 4     0.760     0.580     0.300
 4    -0.650     0.590     0.480
 4     0.110    -0.560     0.820
 5   116.444    26.716    21.907
 5     0.140    -0.300    -0.940
 5     0.800     0.600    -0.070
 5     0.590    -0.740     0.320
 6   126.549    33.131    44.081
 6     0.380     0.100     0.920
 6    -0.920     0.060     0.380
 6    -0.020    -0.990     0.120
 7   126.016   -17.065    -4.645
 7     0.600    -0.780     0.170
 7     0.770     0.510    -0.380
 7     0.210     0.360     0.910
 8   116.783   -26.044    23.254
 8    -0.030     0.310    -0.950
 8    -0.340     0.890     0.300
 8     0.940     0.330     0.080
 9   129.922   -34.190    45.040
 9     0.430    -0.100     0.900
 9     0.880    -0.200    -0.440
 9     0.220     0.980     0.000
 2    83.249    -4.235    58.549
 2     0.560     0.820    -0.060
 2    -0.830     0.560    -0.030
 2     0.010     0.060     1.000
 3   140.203     0.172     1.653
 3    -0.220    -0.040    -0.970
 3     0.060    -1.000     0.020
 3    -0.970    -0.060     0.220
 4   127.241    18.107    -2.197
 4     0.750     0.590     0.300
 4    -0.650     0.590     0.480
 4     0.110    -0.550     0.830
 5   116.145    26.779    21.716
 5     0.160    -0.300    -0.940
 5     0.790     0.600    -0.050
 5     0.580    -0.740     0.330
 6   125.512    33.319    44.300
 6     0.350     0.110     0.930
 6    -0.930     0.070     0.350
 6    -0.030    -0.990     0.120
 7   126.178   -17.018    -4.623
 7     0.600    -0.780     0.180
 7     0.770     0.510    -0.380
 7     0.200     0.360     0.910
 8   116.486   -25.931    23.106
 8    -0.010     0.310    -0.950
 8    -0.340     0.890     0.300
 8     0.940     0.330     0.100
 9   128.930   -33.954    45.271
 9     0.410    -0.090     0.910
 9     0.890    -0.190    -0.420
 9     0.210     0.980     0.010
 2    83.250    -4.281    58.549
 2     0.560     0.820    -0.060
 2    -0.830     0.560    -0.030
 2     0.010     0.060     1.000
 3   140.261     0.171     1.650
 3    -0.220    -0.040    -0.970
 3     0.060    -1.000     0.020
 3    -0.970    -0.060     0.230
 4   127.302    18.114    -2.259
 4     0.750     0.590     0.300
 4    -0.650     0.590     0.470
 4     0.100    -0.550     0.830
 5   115.484    26.729    21.658
 5     0.190    -0.290    -0.940
 5     0.790     0.620    -0.030
 5     0.590    -0.730     0.350
 6   124.024    33.110    44.397
 6     0.320     0.110     0.940
 6    -0.950     0.070     0.310
 6    -0.030    -0.990     0.130
 7   126.284   -16.973    -4.535
 7     0.600    -0.780     0.180
 7     0.770     0.510    -0.380
 7     0.200     0.370     0.910
 8   115.898   -25.946    22.862
 8     0.020     0.310    -0.950
 8    -0.350     0.890     0.280
 8     0.940     0.330     0.130
 9   127.559   -34.138    45.358
 9     0.380    -0.090     0.920
 9     0.900    -0.180    -0.390
 9     0.210     0.980     0.010
 2    83.250    -4.281    58.549
 2     0.560     0.820    -0.060
 2    -0.830     0.560    -0.030
 2     0.010     0.060     1.000
 3   140.318     0.219     1.646
 3    -0.220    -0.040    -0.970
 3     0.060    -1.000     0.020
 3    -0.970    -0.060     0.230
 4   127.194    18.257    -2.253
 4     0.740     0.600     0.300
 4    -0.670     0.590     0.460
 4     0.100    -0.540     0.830
 5   114.873    26.559    21.167
 5     0.220    -0.280    -0.930
 5     0.780     0.620     0.000
 5     0.580    -0.730     0.360
