% Calibrated with leiden_pols
% Positions are in centimeters
Data =[
 2    83.135    -4.521    58.869
 2     0.970     0.220    -0.030
 2    -0.220     0.970    -0.030
 2     0.020     0.030     1.000
 3   126.732    -2.095    -4.071
 3    -0.300    -0.090    -0.950
 3     0.100    -0.990     0.070
 3    -0.950    -0.070     0.310
 4   114.311    17.988    -6.724
 4     0.570     0.790     0.230
 4    -0.800     0.460     0.390
 4     0.200    -0.410     0.890
 5   112.335    24.728    19.588
 5    -0.160    -0.190    -0.970
 5     0.690     0.680    -0.250
 5     0.710    -0.700     0.020
 6   125.092    31.124    40.544
 6     0.370     0.040     0.930
 6    -0.880     0.340     0.340
 6    -0.300    -0.940     0.170
 7   114.094   -21.901    -7.544
 7     0.570    -0.790     0.230
 7     0.800     0.470    -0.380
 7     0.190     0.390     0.900
 8   112.375   -29.529    19.518
 8    -0.160     0.120    -0.980
 8    -0.740     0.640     0.200
 8     0.650     0.760    -0.010
 9   123.452   -34.509    43.999
 9     0.320    -0.130     0.940
 9     0.950     0.010    -0.320
 9     0.030     0.990     0.130
 2    83.135    -4.521    58.869
 2     0.970     0.220    -0.030
 2    -0.220     0.970    -0.030
 2     0.020     0.030     1.000
 3   126.786    -2.096    -4.161
 3    -0.310    -0.090    -0.950
 3     0.100    -0.990     0.060
 3    -0.950    -0.070     0.320
 4   114.311    18.035    -6.724
 4     0.570     0.790     0.230
 4    -0.800     0.460     0.390
 4     0.200    -0.410     0.890
 5   112.334    24.681    19.545
 5    -0.160    -0.190    -0.970
 5     0.690     0.680    -0.250
 5     0.710    -0.700     0.020
 6   124.943    31.173    40.635
 6     0.370     0.040     0.930
 6    -0.880     0.340     0.340
 6    -0.300    -0.940     0.160
 7   114.094   -21.900    -7.589
 7     0.570    -0.790     0.220
 7     0.800     0.470    -0.380
 7     0.190     0.390     0.900
 8   112.472   -29.580    19.429
 8    -0.160     0.120    -0.980
 8    -0.740     0.640     0.200
 8     0.650     0.760    -0.010
 9   123.449   -34.508    43.956
 9     0.320    -0.130     0.940
 9     0.950     0.010    -0.320
 9     0.030     0.990     0.130
 2    83.135    -4.521    58.869
 2     0.970     0.220    -0.030
 2    -0.220     0.970    -0.030
 2     0.020     0.030     1.000
 3   126.835    -2.096    -4.254
 3    -0.310    -0.090    -0.950
 3     0.100    -0.990     0.060
 3    -0.950    -0.080     0.320
 4   114.262    18.083    -6.724
 4     0.570     0.790     0.230
 4    -0.800     0.460     0.390
 4     0.200    -0.410     0.890
 5   112.382    24.681    19.500
 5    -0.160    -0.190    -0.970
 5     0.690     0.680    -0.250
 5     0.710    -0.700     0.020
 6   124.998    31.126    40.676
 6     0.370     0.040     0.930
 6    -0.880     0.340     0.340
 6    -0.300    -0.940     0.160
 7   114.046   -21.898    -7.633
 7     0.570    -0.790     0.220
 7     0.800     0.470    -0.380
 7     0.190     0.390     0.900
 8   112.470   -29.579    19.340
 8    -0.160     0.120    -0.980
 8    -0.740     0.640     0.200
 8     0.650     0.760    -0.010
 9   123.447   -34.554    43.911
 9     0.320    -0.130     0.940
 9     0.950     0.010    -0.320
 9     0.030     0.990     0.130
 2    83.135    -4.521    58.869
 2     0.970     0.220    -0.030
 2    -0.220     0.970    -0.030
 2     0.020     0.030     1.000
 3   126.835    -2.096    -4.254
 3    -0.310    -0.090    -0.950
 3     0.100    -0.990     0.060
 3    -0.950    -0.080     0.320
 4   114.262    18.083    -6.724
 4     0.570     0.790     0.230
 4    -0.800     0.460     0.390
 4     0.200    -0.410     0.890
 5   112.384    24.728    19.588
 5    -0.160    -0.190    -0.970
 5     0.690     0.680    -0.250
 5     0.710    -0.700     0.020
 6   124.994    31.126    40.632
 6     0.370     0.040     0.930
 6    -0.880     0.340     0.330
 6    -0.300    -0.940     0.160
 7   114.045   -21.850    -7.589
 7     0.570    -0.790     0.220
 7     0.800     0.470    -0.380
 7     0.190     0.390     0.900
 8   112.470   -29.579    19.340
 8    -0.160     0.120    -0.980
 8    -0.740     0.640     0.200
 8     0.650     0.760    -0.010
 9   123.498   -34.509    43.910
 9     0.320    -0.130     0.940
 9     0.950     0.010    -0.320
 9     0.030     0.990     0.130
 2    83.135    -4.521    58.869
 2     0.970     0.220    -0.030
 2    -0.220     0.970    -0.030
 2     0.020     0.030     1.000
 3   126.840    -2.095    -4.254
 3    -0.310    -0.090    -0.950
 3     0.100    -0.990     0.060
 3    -0.950    -0.070     0.320
 4   114.263    18.036    -6.680
 4     0.570     0.790     0.230
 4    -0.790     0.460     0.390
 4     0.200    -0.410     0.890
 5   112.383    24.728    19.543
 5    -0.160    -0.190    -0.970
 5     0.690     0.680    -0.250
 5     0.710    -0.710     0.020
 6   125.048    31.127    40.629
 6     0.370     0.040     0.930
 6    -0.880     0.340     0.330
 6    -0.300    -0.940     0.160
 7   113.995   -21.896    -7.589
 7     0.570    -0.790     0.220
 7     0.800     0.470    -0.380
 7     0.190     0.390     0.900
 8   112.421   -29.577    19.385
 8    -0.160     0.120    -0.980
 8    -0.740     0.640     0.200
 8     0.650     0.760    -0.010
 9   123.548   -34.510    43.864
 9     0.320    -0.130     0.940
 9     0.950     0.010    -0.320
 9     0.030     0.990     0.130
 2    83.135    -4.521    58.869
 2     0.970     0.220    -0.030
 2    -0.220     0.970    -0.030
 2     0.020     0.030     1.000
 3   126.787    -2.095    -4.251
 3    -0.310    -0.090    -0.950
 3     0.100    -0.990     0.060
 3    -0.950    -0.070     0.320
 4   114.263    18.084    -6.680
 4     0.570     0.790     0.230
 4    -0.790     0.460     0.390
 4     0.200    -0.410     0.890
 5   112.385    24.774    19.587
 5    -0.160    -0.190    -0.970
 5     0.690     0.680    -0.250
 5     0.710    -0.710     0.020
 6   125.059    31.178    40.618
 6     0.370     0.040     0.930
 6    -0.880     0.350     0.330
 6    -0.310    -0.940     0.170
 7   113.944   -21.846    -7.588
 7     0.570    -0.790     0.220
 7     0.800     0.470    -0.380
 7     0.190     0.390     0.900
 8   112.470   -29.532    19.385
 8    -0.160     0.120    -0.980
 8    -0.740     0.640     0.200
 8     0.650     0.760    -0.010
 9   123.505   -34.407    43.788
 9     0.320    -0.130     0.940
 9     0.950     0.030    -0.320
 9     0.010     0.990     0.130
 2    83.182    -4.521    58.867
 2     0.970     0.220    -0.030
 2    -0.220     0.970    -0.030
 2     0.020     0.030     1.000
 3   126.840    -2.095    -4.254
 3    -0.310    -0.090    -0.950
 3     0.100    -0.990     0.060
 3    -0.950    -0.070     0.320
 4   114.264    18.084    -6.725
 4     0.570     0.780     0.230
 4    -0.790     0.460     0.390
 4     0.200    -0.410     0.890
 5   112.435    24.870    19.540
 5    -0.160    -0.190    -0.970
 5     0.690     0.680    -0.250
 5     0.710    -0.710     0.020
 6   125.056    31.322    40.574
 6     0.360     0.050     0.930
 6    -0.880     0.350     0.320
 6    -0.310    -0.930     0.170
 7   113.892   -21.847    -7.528
 7     0.570    -0.790     0.230
 7     0.800     0.460    -0.380
 7     0.200     0.400     0.900
 8   112.420   -29.577    19.340
 8    -0.160     0.120    -0.980
 8    -0.740     0.640     0.200
 8     0.650     0.760    -0.010
 9   123.100   -34.769    43.638
 9     0.310    -0.130     0.940
 9     0.950     0.050    -0.300
 9    -0.010     0.990     0.140
 2    83.182    -4.521    58.867
 2     0.970     0.220    -0.030
 2    -0.220     0.970    -0.030
 2     0.020     0.030     1.000
 3   126.782    -2.149    -4.285
 3    -0.310    -0.090    -0.950
 3     0.090    -0.990     0.060
 3    -0.950    -0.070     0.320
 4   114.315    18.037    -6.727
 4     0.580     0.780     0.230
 4    -0.790     0.470     0.390
 4     0.200    -0.410     0.890
 5   112.439    24.927    19.396
 5    -0.160    -0.190    -0.970
 5     0.690     0.680    -0.250
 5     0.700    -0.710     0.030
