% Calibrated with leiden_pols
% Positions are in centimeters
Data =[
 2    83.235    -4.038    58.940
 2     0.560     0.830     0.010
 2    -0.830     0.560    -0.010
 2    -0.010     0.000     1.000
 3   125.408    -1.867    -1.317
 3    -0.370    -0.020    -0.930
 3     0.010    -1.000     0.020
 3    -0.930    -0.000     0.370
 4   112.843    14.091    -7.570
 4     0.630     0.750    -0.230
 4    -0.650     0.660     0.370
 4     0.430    -0.090     0.900
 5   114.593    38.151    -0.626
 5    -0.370    -0.930    -0.090
 5    -0.150     0.150    -0.980
 5     0.920    -0.350    -0.190
 6   142.663    45.508    -9.181
 6     0.990    -0.020    -0.160
 6     0.070     0.930     0.370
 6     0.140    -0.380     0.920
 7   113.229   -16.569    -8.804
 7     0.700    -0.670    -0.240
 7     0.590     0.730    -0.330
 7     0.400     0.090     0.910
 8   113.003   -39.481    -0.130
 8    -0.290     0.930    -0.220
 8    -0.150     0.190     0.970
 8     0.940     0.320     0.080
 9   141.640   -47.527    -8.381
 9     0.990     0.020    -0.120
 9    -0.040     0.980    -0.170
 9     0.110     0.180     0.980
 2    83.234    -3.992    58.940
 2     0.560     0.830     0.010
 2    -0.830     0.560    -0.010
 2    -0.010     0.000     1.000
 3   125.461    -1.965    -1.276
 3    -0.370    -0.020    -0.930
 3     0.010    -1.000     0.020
 3    -0.930    -0.000     0.370
 4   112.844    14.139    -7.571
 4     0.630     0.750    -0.230
 4    -0.650     0.660     0.370
 4     0.430    -0.090     0.900
 5   114.594    38.197    -0.626
 5    -0.370    -0.930    -0.090
 5    -0.150     0.150    -0.980
 5     0.920    -0.350    -0.190
 6   142.720    45.508    -9.184
 6     0.990    -0.020    -0.160
 6     0.080     0.930     0.370
 6     0.140    -0.380     0.910
 7   113.229   -16.569    -8.804
 7     0.700    -0.670    -0.240
 7     0.590     0.730    -0.330
 7     0.400     0.090     0.910
 8   112.954   -39.478    -0.132
 8    -0.290     0.930    -0.220
 8    -0.150     0.190     0.970
 8     0.940     0.320     0.080
 9   141.584   -47.572    -8.247
 9     0.990     0.020    -0.120
 9    -0.040     0.980    -0.170
 9     0.110     0.180     0.980
 2    83.235    -4.038    58.940
 2     0.560     0.830     0.010
 2    -0.830     0.560    -0.010
 2    -0.010     0.000     1.000
 3   125.461    -1.965    -1.276
 3    -0.370    -0.020    -0.930
 3     0.010    -1.000     0.020
 3    -0.930    -0.000     0.370
 4   112.843    14.091    -7.570
 4     0.630     0.750    -0.220
 4    -0.650     0.660     0.370
 4     0.430    -0.090     0.900
 5   114.594    38.198    -0.582
 5    -0.370    -0.930    -0.090
 5    -0.150     0.150    -0.980
 5     0.920    -0.350    -0.190
 6   142.662    45.508    -9.095
 6     0.990    -0.020    -0.160
 6     0.080     0.930     0.370
 6     0.140    -0.380     0.910
 7   113.229   -16.522    -8.804
 7     0.700    -0.670    -0.240
 7     0.590     0.730    -0.330
 7     0.400     0.090     0.910
 8   112.953   -39.432    -0.132
 8    -0.290     0.930    -0.220
 8    -0.150     0.190     0.970
 8     0.940     0.320     0.080
 9   141.642   -47.575    -8.380
 9     0.990     0.020    -0.120
 9    -0.040     0.980    -0.170
 9     0.110     0.180     0.980
 2    83.281    -4.038    58.938
 2     0.560     0.830     0.010
 2    -0.830     0.560    -0.010
 2    -0.010     0.000     1.000
 3   125.461    -1.917    -1.276
 3    -0.370    -0.020    -0.930
 3     0.010    -1.000     0.020
 3    -0.930    -0.000     0.370
 4   112.843    14.091    -7.526
 4     0.630     0.750    -0.220
 4    -0.650     0.660     0.370
 4     0.430    -0.090     0.900
 5   114.594    38.199    -0.539
 5    -0.370    -0.930    -0.090
 5    -0.150     0.150    -0.980
 5     0.920    -0.350    -0.190
 6   142.659    45.412    -9.137
 6     0.990    -0.020    -0.160
 6     0.080     0.930     0.370
 6     0.140    -0.380     0.910
 7   113.228   -16.570    -8.759
 7     0.700    -0.680    -0.240
 7     0.590     0.730    -0.330
 7     0.400     0.090     0.910
 8   112.898   -39.484    -0.101
 8    -0.290     0.930    -0.230
 8    -0.150     0.190     0.970
 8     0.950     0.320     0.080
 9   141.590   -47.670    -8.379
 9     0.990     0.020    -0.120
 9    -0.040     0.980    -0.170
 9     0.110     0.180     0.980
 2    83.235    -4.038    58.940
 2     0.560     0.830     0.010
 2    -0.830     0.560    -0.010
 2    -0.010     0.000     1.000
 3   125.407    -1.917    -1.273
 3    -0.370    -0.020    -0.930
 3     0.010    -1.000     0.020
 3    -0.930    -0.000     0.370
 4   112.793    14.091    -7.525
 4     0.630     0.750    -0.220
 4    -0.650     0.660     0.370
 4     0.430    -0.090     0.900
 5   114.544    38.197    -0.626
 5    -0.370    -0.930    -0.090
 5    -0.150     0.150    -0.980
 5     0.920    -0.350    -0.190
 6   142.660    45.412    -9.181
 6     0.990    -0.020    -0.160
 6     0.080     0.930     0.370
 6     0.140    -0.380     0.910
 7   113.228   -16.570    -8.759
 7     0.700    -0.680    -0.240
 7     0.590     0.730    -0.330
 7     0.400     0.090     0.910
 8   112.945   -39.440    -0.099
 8    -0.290     0.930    -0.230
 8    -0.150     0.190     0.970
 8     0.950     0.320     0.080
 9   141.591   -47.670    -8.423
 9     0.990     0.020    -0.120
 9    -0.040     0.980    -0.170
 9     0.110     0.180     0.980
 2    83.280    -3.992    58.938
 2     0.560     0.830     0.010
 2    -0.830     0.560    -0.010
 2    -0.010     0.000     1.000
 3   125.461    -1.918    -1.231
 3    -0.370    -0.020    -0.930
 3     0.010    -1.000     0.020
 3    -0.930    -0.000     0.370
 4   112.843    14.045    -7.570
 4     0.630     0.750    -0.220
 4    -0.650     0.660     0.370
 4     0.430    -0.090     0.900
 5   114.544    38.197    -0.582
 5    -0.370    -0.930    -0.090
 5    -0.150     0.150    -0.980
 5     0.920    -0.350    -0.190
 6   142.661    45.365    -9.267
 6     0.990    -0.020    -0.160
 6     0.080     0.930     0.370
 6     0.140    -0.380     0.920
 7   113.229   -16.569    -8.804
 7     0.700    -0.680    -0.240
 7     0.590     0.730    -0.330
 7     0.400     0.090     0.910
 8   112.944   -39.487    -0.055
 8    -0.290     0.930    -0.230
 8    -0.150     0.190     0.970
 8     0.950     0.310     0.080
 9   141.589   -47.620    -8.423
 9     0.990     0.020    -0.120
 9    -0.040     0.980    -0.170
 9     0.110     0.180     0.980
 2    83.283    -3.993    58.982
 2     0.560     0.830     0.010
 2    -0.830     0.560    -0.010
 2    -0.010     0.000     1.000
 3   125.461    -1.966    -1.231
 3    -0.370    -0.020    -0.930
 3     0.010    -1.000     0.020
 3    -0.930    -0.000     0.370
 4   112.846    14.050    -7.583
 4     0.630     0.750    -0.220
 4    -0.660     0.660     0.370
 4     0.420    -0.090     0.900
 5   114.532    38.147    -0.574
 5    -0.370    -0.930    -0.090
 5    -0.140     0.150    -0.980
 5     0.920    -0.350    -0.190
 6   142.706    45.221    -9.178
 6     0.990    -0.020    -0.160
 6     0.080     0.930     0.370
 6     0.140    -0.380     0.920
 7   113.279   -16.620    -8.758
 7     0.700    -0.680    -0.240
 7     0.600     0.730    -0.330
 7     0.400     0.090     0.910
 8   112.946   -39.534    -0.055
 8    -0.290     0.930    -0.230
 8    -0.150     0.190     0.970
 8     0.950     0.310     0.080
 9   141.592   -47.718    -8.379
 9     0.990     0.020    -0.120
 9    -0.040     0.980    -0.170
 9     0.110     0.180     0.980
 2    83.234    -3.992    58.940
 2     0.560     0.830     0.010
 2    -0.830     0.560    -0.010
 2    -0.010     0.000     1.000
 3   125.461    -1.966    -1.231
 3    -0.370    -0.020    -0.930
 3     0.010    -1.000     0.020
 3    -0.930    -0.000     0.370
 4   112.845    13.955    -7.579
 4     0.620     0.750    -0.220
 4    -0.660     0.660     0.370
 4     0.420    -0.080     0.900
 5   114.532    38.146    -0.618
 5    -0.370    -0.930    -0.090
 5    -0.140     0.150    -0.980
 5     0.920    -0.350    -0.190
