% Calibrated with leiden_pols
% Positions are in centimeters
Data =[
 2    83.235    -4.038    58.940
 2     0.560     0.830     0.010
 2    -0.830     0.560    -0.010
 2    -0.010     0.000     1.000
 3   127.284    -2.294    -0.722
 3    -0.360    -0.020    -0.930
 3     0.020    -1.000     0.020
 3    -0.930    -0.010     0.360
 4   115.575    14.931    -6.912
 4     0.640     0.770    -0.000
 4    -0.720     0.600     0.340
 4     0.270    -0.220     0.940
 5   110.055    23.368    20.951
 5     0.050    -0.310    -0.950
 5     0.300     0.910    -0.280
 5     0.950    -0.270     0.140
 6   117.806    35.806    41.510
 6     0.280     0.370     0.890
 6    -0.950    -0.010     0.300
 6     0.120    -0.930     0.350
 7   115.681   -17.897    -8.364
 7     0.700    -0.710    -0.070
 7     0.640     0.680    -0.360
 7     0.310     0.210     0.930
 8   109.712   -28.895    16.190
 8     0.110     0.230    -0.970
 8    -0.680     0.720     0.100
 8     0.720     0.650     0.240
 9   117.719   -39.604    39.565
 9     0.220    -0.270     0.940
 9     0.960     0.240    -0.160
 9    -0.180     0.930     0.310
 2    83.281    -4.038    58.938
 2     0.560     0.830     0.010
 2    -0.830     0.560    -0.010
 2    -0.010     0.000     1.000
 3   127.337    -2.295    -0.681
 3    -0.350    -0.020    -0.930
 3     0.020    -1.000     0.020
 3    -0.930    -0.010     0.350
 4   115.573    14.931    -6.911
 4     0.630     0.770    -0.000
 4    -0.720     0.600     0.340
 4     0.270    -0.220     0.940
 5   109.955    23.281    20.854
 5     0.060    -0.310    -0.950
 5     0.300     0.910    -0.280
 5     0.950    -0.270     0.140
 6   117.599    35.803    41.521
 6     0.270     0.370     0.890
 6    -0.950    -0.010     0.300
 6     0.120    -0.930     0.350
 7   115.732   -17.899    -8.364
 7     0.700    -0.710    -0.070
 7     0.640     0.670    -0.360
 7     0.310     0.210     0.930
 8   109.664   -28.846    16.190
 8     0.110     0.230    -0.970
 8    -0.680     0.720     0.090
 8     0.720     0.650     0.240
 9   117.518   -39.647    39.661
 9     0.210    -0.270     0.940
 9     0.960     0.230    -0.150
 9    -0.180     0.930     0.310
 2    83.234    -3.992    58.940
 2     0.560     0.830     0.010
 2    -0.830     0.560    -0.010
 2    -0.010     0.000     1.000
 3   127.420    -2.334    -0.748
 3    -0.350    -0.030    -0.940
 3     0.020    -1.000     0.020
 3    -0.940    -0.010     0.350
 4   115.622    14.882    -6.953
 4     0.630     0.770    -0.000
 4    -0.730     0.600     0.340
 4     0.270    -0.210     0.940
 5   109.906    23.282    20.809
 5     0.060    -0.310    -0.950
 5     0.300     0.910    -0.280
 5     0.950    -0.270     0.140
 6   117.491    35.801    41.483
 6     0.270     0.370     0.890
 6    -0.960    -0.010     0.300
 6     0.120    -0.930     0.350
 7   115.787   -17.945    -8.336
 7     0.700    -0.710    -0.070
 7     0.640     0.670    -0.360
 7     0.300     0.210     0.930
 8   109.664   -28.893    16.190
 8     0.110     0.230    -0.970
 8    -0.680     0.720     0.090
 8     0.720     0.650     0.240
 9   117.524   -39.745    39.706
 9     0.210    -0.270     0.940
 9     0.960     0.230    -0.150
 9    -0.180     0.930     0.310
 2    83.280    -3.992    58.938
 2     0.560     0.830     0.010
 2    -0.830     0.560    -0.010
 2    -0.010     0.000     1.000
 3   127.474    -2.384    -0.751
 3    -0.350    -0.030    -0.940
 3     0.020    -1.000     0.020
 3    -0.940    -0.010     0.350
 4   115.672    14.834    -6.909
 4     0.630     0.770    -0.000
 4    -0.730     0.600     0.340
 4     0.270    -0.210     0.940
 5   109.664    23.384    20.550
 5     0.070    -0.310    -0.950
 5     0.310     0.910    -0.270
 5     0.950    -0.280     0.160
 6   117.181    35.764    41.260
 6     0.270     0.370     0.890
 6    -0.960     0.010     0.280
 6     0.100    -0.930     0.350
 7   115.938   -17.998    -8.381
 7     0.700    -0.710    -0.070
 7     0.640     0.680    -0.360
 7     0.300     0.210     0.930
 8   109.616   -28.938    16.145
 8     0.110     0.230    -0.970
 8    -0.680     0.730     0.090
 8     0.720     0.650     0.240
 9   117.362   -39.833    39.682
 9     0.210    -0.270     0.940
 9     0.960     0.230    -0.150
 9    -0.170     0.940     0.310
 2    83.235    -4.038    58.940
 2     0.560     0.830     0.010
 2    -0.830     0.560    -0.010
 2    -0.010     0.000     1.000
 3   127.581    -2.435    -0.713
 3    -0.350    -0.030    -0.940
 3     0.020    -1.000     0.020
 3    -0.940    -0.010     0.350
 4   115.879    14.793    -7.059
 4     0.630     0.770    -0.000
 4    -0.730     0.600     0.340
 4     0.260    -0.210     0.940
 5   109.338    23.725    19.837
 5     0.100    -0.320    -0.940
 5     0.360     0.890    -0.270
 5     0.930    -0.310     0.210
 6   116.012    36.300    40.824
 6     0.240     0.370     0.900
 6    -0.970     0.050     0.230
 6     0.040    -0.930     0.370
 7   116.039   -18.049    -8.427
 7     0.700    -0.710    -0.070
 7     0.640     0.680    -0.360
 7     0.300     0.210     0.930
 8   108.841   -29.507    15.246
 8     0.150     0.260    -0.950
 8    -0.680     0.730     0.080
 8     0.720     0.640     0.290
 9   115.450   -41.068    38.795
 9     0.180    -0.300     0.940
 9     0.970     0.240    -0.110
 9    -0.190     0.920     0.330
 2    83.235    -4.038    58.940
 2     0.560     0.830     0.010
 2    -0.830     0.560    -0.010
 2    -0.010     0.000     1.000
 3   127.798    -2.390    -0.727
 3    -0.340    -0.030    -0.940
 3     0.020    -1.000     0.020
 3    -0.940    -0.010     0.350
 4   116.083    14.697    -7.193
 4     0.630     0.780    -0.010
 4    -0.730     0.600     0.330
 4     0.260    -0.200     0.940
 5   108.529    24.161    19.292
 5     0.150    -0.330    -0.930
 5     0.380     0.890    -0.260
 5     0.910    -0.310     0.250
 6   114.201    36.803    40.368
 6     0.200     0.370     0.910
 6    -0.980     0.060     0.190
 6     0.010    -0.930     0.380
 7   116.289   -18.058    -8.516
 7     0.700    -0.710    -0.070
 7     0.650     0.670    -0.350
 7     0.300     0.200     0.930
 8   107.926   -29.552    14.741
 8     0.200     0.270    -0.940
 8    -0.660     0.750     0.070
 8     0.720     0.610     0.330
 9   112.799   -42.085    38.152
 9     0.130    -0.330     0.940
 9     0.980     0.180    -0.070
 9    -0.150     0.930     0.340
 2    83.281    -4.038    58.938
 2     0.560     0.830     0.010
 2    -0.830     0.560    -0.010
 2    -0.010     0.000     1.000
 3   127.959    -2.538    -0.780
 3    -0.340    -0.030    -0.940
 3     0.020    -1.000     0.020
 3    -0.940    -0.010     0.340
 4   116.288    14.561    -7.208
 4     0.630     0.780    -0.010
 4    -0.740     0.600     0.320
 4     0.250    -0.200     0.950
 5   107.517    24.685    18.189
 5     0.200    -0.350    -0.910
 5     0.410     0.880    -0.240
 5     0.890    -0.330     0.320
 6   111.829    37.443    39.621
 6     0.140     0.380     0.910
 6    -0.990     0.090     0.120
 6    -0.040    -0.920     0.390
 7   116.445   -17.965    -8.712
 7     0.690    -0.720    -0.070
 7     0.660     0.670    -0.340
 7     0.290     0.190     0.940
 8   106.488   -29.750    13.361
 8     0.270     0.280    -0.920
 8    -0.660     0.750     0.040
 8     0.700     0.600     0.390
 9   109.931   -42.741    37.059
 9     0.070    -0.340     0.940
 9     0.980     0.200    -0.010
 9    -0.180     0.920     0.350
 2    83.235    -4.038    58.940
 2     0.560     0.830     0.010
 2    -0.830     0.560    -0.010
 2    -0.010     0.000     1.000
 3   128.122    -2.395    -0.790
 3    -0.340    -0.030    -0.940
 3     0.020    -1.000     0.030
 3    -0.940    -0.010     0.340
 4   116.441    14.560    -7.386
 4     0.620     0.780    -0.010
 4    -0.740     0.590     0.310
 4     0.250    -0.190     0.950
 5   106.414    25.110    17.225
 5     0.260    -0.370    -0.890
 5     0.430     0.870    -0.240
 5     0.870    -0.320     0.380
