% Calibrated with leiden_pols
% Positions are in centimeters
Data =[
 2    83.235    -4.038    58.940
 2     0.560     0.830     0.010
 2    -0.830     0.560    -0.010
 2    -0.010     0.000     1.000
 3   126.650    -1.797     0.603
 3    -0.320    -0.010    -0.950
 3    -0.040    -1.000     0.030
 3    -0.950     0.050     0.310
 4   117.471    15.951    -6.947
 4     0.710     0.700     0.050
 4    -0.680     0.670     0.280
 4     0.160    -0.230     0.960
 5   114.344    23.145    22.419
 5    -0.070    -0.220    -0.970
 5     0.440     0.870    -0.230
 5     0.890    -0.450     0.040
 6   126.681    31.673    42.861
 6     0.370     0.190     0.910
 6    -0.930     0.160     0.340
 6    -0.080    -0.970     0.230
 7   115.847   -16.592    -8.895
 7     0.720    -0.690    -0.070
 7     0.640     0.710    -0.310
 7     0.260     0.180     0.950
 8   114.488   -26.088    18.341
 8    -0.140     0.090    -0.990
 8    -0.740     0.650     0.160
 8     0.660     0.760    -0.020
 9   127.265   -33.020    41.022
 9     0.340    -0.140     0.930
 9     0.930     0.200    -0.310
 9    -0.140     0.970     0.200
 2    83.235    -4.038    58.940
 2     0.560     0.830     0.010
 2    -0.830     0.560    -0.010
 2    -0.010     0.000     1.000
 3   126.705    -1.796     0.641
 3    -0.310    -0.010    -0.950
 3    -0.040    -1.000     0.030
 3    -0.950     0.050     0.310
 4   117.522    15.903    -6.992
 4     0.710     0.700     0.050
 4    -0.680     0.670     0.280
 4     0.160    -0.230     0.960
 5   114.294    23.098    22.420
 5    -0.070    -0.220    -0.970
 5     0.440     0.870    -0.230
 5     0.890    -0.440     0.040
 6   126.633    31.577    42.952
 6     0.370     0.190     0.910
 6    -0.930     0.150     0.340
 6    -0.080    -0.970     0.230
 7   115.948   -16.691    -8.896
 7     0.730    -0.680    -0.070
 7     0.640     0.710    -0.310
 7     0.260     0.180     0.950
 8   114.492   -26.040    18.426
 8    -0.130     0.090    -0.990
 8    -0.740     0.650     0.160
 8     0.660     0.750    -0.020
 9   127.132   -32.925    41.184
 9     0.360    -0.140     0.920
 9     0.930     0.150    -0.330
 9    -0.100     0.980     0.180
 2    83.235    -4.038    58.940
 2     0.560     0.830     0.010
 2    -0.830     0.560    -0.010
 2    -0.010     0.000     1.000
 3   126.761    -1.934     0.723
 3    -0.310    -0.020    -0.950
 3    -0.040    -1.000     0.030
 3    -0.950     0.040     0.310
 4   117.620    15.665    -6.990
 4     0.710     0.700     0.050
 4    -0.690     0.670     0.280
 4     0.160    -0.230     0.960
 5   114.295    22.961    22.379
 5    -0.060    -0.230    -0.970
 5     0.440     0.870    -0.230
 5     0.890    -0.440     0.050
 6   126.439    31.743    42.870
 6     0.380     0.200     0.900
 6    -0.920     0.130     0.360
 6    -0.050    -0.970     0.230
 7   116.201   -17.082    -8.762
 7     0.720    -0.690    -0.060
 7     0.640     0.700    -0.320
 7     0.260     0.190     0.950
 8   114.599   -26.236    18.557
 8    -0.130     0.080    -0.990
 8    -0.740     0.660     0.150
 8     0.660     0.750    -0.030
 9   127.087   -32.753    41.870
 9     0.370    -0.130     0.920
 9     0.930     0.120    -0.360
 9    -0.060     0.980     0.160
 2    83.235    -4.038    58.940
 2     0.560     0.830     0.010
 2    -0.830     0.560    -0.010
 2    -0.010     0.000     1.000
 3   126.950    -2.228     0.743
 3    -0.310    -0.020    -0.950
 3    -0.020    -1.000     0.030
 3    -0.950     0.030     0.310
 4   117.610    15.041    -7.011
 4     0.700     0.710     0.040
 4    -0.700     0.660     0.280
 4     0.170    -0.220     0.960
 5   114.431    22.795    22.375
 5    -0.070    -0.240    -0.970
 5     0.430     0.870    -0.250
 5     0.900    -0.440     0.050
 6   126.576    31.782    42.707
 6     0.390     0.210     0.900
 6    -0.920     0.130     0.370
 6    -0.040    -0.970     0.240
 7   116.711   -17.716    -8.602
 7     0.730    -0.680    -0.050
 7     0.630     0.710    -0.320
 7     0.250     0.200     0.950
 8   115.017   -26.821    18.711
 8    -0.120     0.070    -0.990
 8    -0.750     0.640     0.140
 8     0.650     0.760    -0.020
 9   127.371   -32.954    41.779
 9     0.370    -0.120     0.920
 9     0.920     0.130    -0.360
 9    -0.080     0.980     0.160
 2    83.235    -4.038    58.940
 2     0.560     0.830     0.010
 2    -0.830     0.560    -0.010
 2    -0.010     0.000     1.000
 3   127.097    -2.179     0.791
 3    -0.310    -0.020    -0.950
 3    -0.010    -1.000     0.030
 3    -0.950     0.020     0.310
 4   117.557    15.182    -7.054
 4     0.690     0.730     0.040
 4    -0.710     0.650     0.280
 4     0.170    -0.220     0.960
 5   114.478    22.795    22.365
 5    -0.070    -0.240    -0.970
 5     0.430     0.870    -0.250
 5     0.900    -0.440     0.040
 6   126.773    32.020    42.436
 6     0.400     0.210     0.890
 6    -0.910     0.140     0.380
 6    -0.040    -0.970     0.250
 7   117.015   -17.773    -8.605
 7     0.740    -0.670    -0.050
 7     0.620     0.720    -0.320
 7     0.250     0.210     0.950
 8   115.473   -26.737    18.722
 8    -0.120     0.080    -0.990
 8    -0.770     0.630     0.140
 8     0.630     0.770    -0.020
 9   128.044   -32.871    41.471
 9     0.360    -0.120     0.920
 9     0.920     0.190    -0.340
 9    -0.140     0.970     0.180
 2    83.235    -4.038    58.940
 2     0.560     0.830     0.010
 2    -0.830     0.560    -0.010
 2    -0.010     0.000     1.000
 3   127.257    -2.124     0.820
 3    -0.310    -0.020    -0.950
 3    -0.010    -1.000     0.030
 3    -0.950     0.010     0.300
 4   117.606    15.229    -7.009
 4     0.680     0.730     0.040
 4    -0.710     0.650     0.280
 4     0.170    -0.220     0.960
 5   114.477    22.884    22.328
 5    -0.080    -0.240    -0.970
 5     0.430     0.860    -0.250
 5     0.900    -0.440     0.040
 6   126.878    31.929    42.426
 6     0.400     0.210     0.890
 6    -0.910     0.140     0.380
 6    -0.040    -0.970     0.240
 7   117.170   -17.775    -8.533
 7     0.740    -0.670    -0.050
 7     0.620     0.720    -0.320
 7     0.240     0.210     0.950
 8   115.623   -26.792    18.766
 8    -0.120     0.080    -0.990
 8    -0.770     0.630     0.140
 8     0.630     0.780    -0.020
 9   128.155   -32.922    41.509
 9     0.370    -0.120     0.920
 9     0.920     0.190    -0.340
 9    -0.140     0.970     0.180
 2    83.235    -4.038    58.940
 2     0.560     0.830     0.010
 2    -0.830     0.560    -0.010
 2    -0.010     0.000     1.000
 3   127.310    -2.075     0.815
 3    -0.300    -0.020    -0.950
 3    -0.010    -1.000     0.020
 3    -0.950     0.010     0.300
 4   117.605    15.277    -6.965
 4     0.680     0.730     0.040
 4    -0.710     0.650     0.280
 4     0.170    -0.220     0.960
 5   114.528    22.931    22.327
 5    -0.080    -0.240    -0.970
 5     0.430     0.870    -0.250
 5     0.900    -0.440     0.040
 6   126.785    32.022    42.560
 6     0.400     0.210     0.890
 6    -0.910     0.130     0.380
 6    -0.040    -0.970     0.240
 7   117.219   -17.729    -8.578
 7     0.750    -0.660    -0.050
 7     0.620     0.720    -0.310
 7     0.240     0.200     0.950
 8   115.467   -26.974    18.513
 8    -0.100     0.100    -0.990
 8    -0.770     0.630     0.140
 8     0.640     0.770     0.010
 9   128.429   -33.120    41.390
 9     0.380    -0.120     0.920
 9     0.910     0.210    -0.350
 9    -0.150     0.970     0.190
 2    83.283    -3.993    58.982
 2     0.560     0.830     0.010
 2    -0.830     0.560    -0.010
 2    -0.010     0.000     1.000
 3   127.297    -2.081     0.835
 3    -0.300    -0.020    -0.950
 3    -0.000    -1.000     0.020
 3    -0.950     0.010     0.300
 4   117.554    15.277    -6.964
 4     0.680     0.730     0.040
 4    -0.710     0.650     0.280
 4     0.170    -0.220     0.960
 5   113.562    23.561    21.744
 5    -0.050    -0.260    -0.970
 5     0.470     0.840    -0.250
 5     0.880    -0.470     0.080
