% Calibrated with leiden_pols
% Positions are in centimeters
Data =[
 2    83.213    -4.306    58.907
 2     0.770     0.640    -0.040
 2    -0.640     0.760    -0.050
 2    -0.000     0.060     1.000
 3   130.008    -2.424    -0.815
 3    -0.540     0.040    -0.840
 3    -0.070    -1.000    -0.010
 3    -0.840     0.050     0.540
 4   119.350    16.113    -5.532
 4     0.560     0.770     0.300
 4    -0.810     0.440     0.380
 4     0.170    -0.460     0.870
 5   111.780    28.698    15.438
 5     0.210    -0.450    -0.870
 5     0.930     0.370     0.040
 5     0.300    -0.820     0.490
 6   121.350    32.489    43.746
 6     0.330    -0.180     0.930
 6    -0.890     0.280     0.370
 6    -0.320    -0.940    -0.070
 7   118.552   -22.502    -5.476
 7     0.710    -0.690     0.150
 7     0.620     0.500    -0.600
 7     0.340     0.520     0.780
 8   109.250   -31.700    19.260
 8     0.020     0.270    -0.960
 8    -0.730     0.660     0.170
 8     0.690     0.700     0.210
 9   123.487   -36.425    46.041
 9     0.500     0.060     0.870
 9     0.830     0.250    -0.500
 9    -0.240     0.970     0.070
 2    83.257    -4.305    58.861
 2     0.770     0.640    -0.040
 2    -0.640     0.760    -0.050
 2     0.000     0.060     1.000
 3   130.055    -2.475    -0.808
 3    -0.540     0.040    -0.840
 3    -0.060    -1.000    -0.010
 3    -0.840     0.050     0.540
 4   119.350    16.113    -5.532
 4     0.560     0.770     0.300
 4    -0.810     0.440     0.380
 4     0.170    -0.460     0.870
 5   111.727    28.595    15.630
 5     0.210    -0.440    -0.870
 5     0.930     0.370     0.040
 5     0.310    -0.820     0.490
 6   121.350    32.524    43.894
 6     0.330    -0.170     0.930
 6    -0.890     0.270     0.370
 6    -0.310    -0.950    -0.060
 7   118.552   -22.502    -5.476
 7     0.710    -0.690     0.150
 7     0.620     0.500    -0.600
 7     0.340     0.520     0.780
 8   109.435   -31.291    19.635
 8     0.000     0.260    -0.970
 8    -0.710     0.680     0.180
 8     0.700     0.690     0.190
 9   124.095   -36.211    46.051
 9     0.510     0.050     0.860
 9     0.830     0.220    -0.510
 9    -0.220     0.970     0.070
 2    83.259    -4.306    58.905
 2     0.770     0.640    -0.040
 2    -0.640     0.760    -0.050
 2    -0.000     0.060     1.000
 3   130.001    -2.375    -0.852
 3    -0.530     0.040    -0.850
 3    -0.060    -1.000    -0.010
 3    -0.840     0.040     0.530
 4   119.301    16.209    -5.486
 4     0.560     0.770     0.300
 4    -0.810     0.440     0.380
 4     0.170    -0.450     0.870
 5   111.729    28.642    15.759
 5     0.210    -0.440    -0.870
 5     0.930     0.380     0.030
 5     0.310    -0.820     0.480
 6   121.605    32.615    43.888
 6     0.340    -0.170     0.920
 6    -0.890     0.260     0.370
 6    -0.300    -0.950    -0.060
 7   118.651   -22.506    -5.476
 7     0.710    -0.690     0.140
 7     0.610     0.510    -0.600
 7     0.340     0.520     0.790
 8   109.628   -31.301    19.638
 8    -0.010     0.250    -0.970
 8    -0.710     0.680     0.180
 8     0.700     0.690     0.180
 9   124.301   -36.172    46.103
 9     0.520     0.050     0.850
 9     0.830     0.210    -0.520
 9    -0.210     0.980     0.070
 2    83.257    -4.305    58.861
 2     0.770     0.640    -0.040
 2    -0.640     0.770    -0.050
 2    -0.000     0.060     1.000
 3   130.253    -2.315    -1.017
 3    -0.510     0.030    -0.860
 3    -0.050    -1.000    -0.010
 3    -0.860     0.040     0.510
 4   119.347    16.344    -5.517
 4     0.560     0.780     0.280
 4    -0.810     0.440     0.390
 4     0.180    -0.450     0.880
 5   111.924    28.635    15.769
 5     0.200    -0.430    -0.880
 5     0.920     0.380     0.030
 5     0.320    -0.820     0.480
 6   121.812    32.709    43.834
 6     0.350    -0.160     0.920
 6    -0.890     0.260     0.380
 6    -0.300    -0.950    -0.050
 7   118.853   -22.512    -5.656
 7     0.720    -0.680     0.130
 7     0.600     0.530    -0.600
 7     0.340     0.510     0.790
 8   110.074   -31.601    19.489
 8    -0.010     0.250    -0.970
 8    -0.730     0.660     0.180
 8     0.690     0.710     0.170
 9   124.877   -36.240    45.887
 9     0.520     0.050     0.850
 9     0.830     0.220    -0.520
 9    -0.220     0.970     0.070
 2    83.259    -4.306    58.905
 2     0.770     0.640    -0.040
 2    -0.640     0.770    -0.050
 2     0.000     0.060     1.000
 3   130.465    -2.124    -1.033
 3    -0.500     0.020    -0.870
 3    -0.050    -1.000    -0.000
 3    -0.860     0.040     0.500
 4   119.404    16.440    -5.564
 4     0.570     0.780     0.270
 4    -0.800     0.450     0.390
 4     0.180    -0.440     0.880
 5   112.168    28.725    15.595
 5     0.200    -0.430    -0.880
 5     0.920     0.380     0.020
 5     0.330    -0.820     0.470
 6   122.159    32.946    43.646
 6     0.350    -0.150     0.920
 6    -0.890     0.250     0.380
 6    -0.290    -0.950    -0.050
 7   119.004   -22.423    -5.657
 7     0.730    -0.680     0.120
 7     0.600     0.530    -0.600
 7     0.340     0.510     0.790
 8   110.367   -31.612    19.479
 8    -0.020     0.250    -0.970
 8    -0.730     0.660     0.180
 8     0.680     0.710     0.170
 9   125.196   -36.063    45.961
 9     0.520     0.060     0.850
 9     0.830     0.230    -0.520
 9    -0.220     0.970     0.070
 2    83.211    -4.305    58.863
 2     0.770     0.640    -0.040
 2    -0.640     0.770    -0.050
 2     0.000     0.060     1.000
 3   130.490    -2.116    -1.071
 3    -0.500     0.020    -0.870
 3    -0.050    -1.000    -0.000
 3    -0.870     0.040     0.500
 4   119.506    16.440    -5.610
 4     0.570     0.780     0.270
 4    -0.800     0.450     0.390
 4     0.180    -0.440     0.880
 5   112.374    28.731    15.627
 5     0.190    -0.440    -0.880
 5     0.930     0.370     0.020
 5     0.320    -0.820     0.480
 6   122.537    33.050    43.611
 6     0.350    -0.150     0.930
 6    -0.890     0.260     0.370
 6    -0.300    -0.950    -0.040
 7   119.005   -22.469    -5.702
 7     0.730    -0.680     0.120
 7     0.600     0.530    -0.600
 7     0.340     0.510     0.790
 8   110.513   -31.760    19.436
 8    -0.020     0.260    -0.970
 8    -0.730     0.660     0.190
 8     0.680     0.710     0.180
 9   125.554   -36.505    45.640
 9     0.520     0.050     0.850
 9     0.820     0.230    -0.520
 9    -0.220     0.970     0.080
 2    83.259    -4.306    58.905
 2     0.770     0.640    -0.040
 2    -0.640     0.770    -0.050
 2     0.000     0.060     1.000
 3   130.520    -2.124    -0.992
 3    -0.500     0.020    -0.870
 3    -0.050    -1.000    -0.000
 3    -0.860     0.040     0.500
 4   119.557    16.486    -5.568
 4     0.570     0.780     0.270
 4    -0.800     0.450     0.390
 4     0.180    -0.440     0.880
 5   112.376    28.826    15.667
 5     0.200    -0.440    -0.880
 5     0.930     0.370     0.020
 5     0.320    -0.820     0.480
 6   122.541    33.049    43.655
 6     0.350    -0.150     0.930
 6    -0.890     0.260     0.370
 6    -0.300    -0.950    -0.040
 7   119.004   -22.423    -5.656
 7     0.720    -0.680     0.120
 7     0.600     0.530    -0.600
 7     0.340     0.510     0.790
 8   110.316   -31.795    19.256
 8    -0.010     0.270    -0.960
 8    -0.730     0.650     0.190
 8     0.680     0.710     0.190
 9   125.459   -36.595    45.627
 9     0.520     0.050     0.850
 9     0.820     0.240    -0.520
 9    -0.230     0.970     0.090
 2    83.259    -4.306    58.905
 2     0.770     0.640    -0.040
 2    -0.640     0.770    -0.050
 2     0.000     0.060     1.000
 3   130.520    -2.172    -0.948
 3    -0.500     0.030    -0.860
 3    -0.050    -1.000    -0.000
 3    -0.860     0.040     0.500
 4   119.558    16.392    -5.700
 4     0.570     0.780     0.270
 4    -0.800     0.450     0.390
 4     0.180    -0.440     0.880
 5   112.026    28.646    15.489
 5     0.210    -0.440    -0.870
 5     0.930     0.370     0.040
 5     0.310    -0.820     0.490
