% Calibrated with leiden_pols
% Positions are in centimeters
Data =[
 2    83.259    -4.306    58.905
 2     0.770     0.640    -0.040
 2    -0.640     0.770    -0.050
 2    -0.000     0.060     1.000
 3   130.946    -2.159    -0.336
 3    -0.460     0.010    -0.890
 3    -0.040    -1.000     0.010
 3    -0.880     0.040     0.460
 4   121.145    16.442    -5.108
 4     0.630     0.710     0.310
 4    -0.770     0.520     0.370
 4     0.110    -0.470     0.870
 5   118.683    25.226    20.981
 5    -0.040    -0.260    -0.960
 5     0.910     0.390    -0.140
 5     0.410    -0.880     0.220
 6   131.585    31.692    46.567
 6     0.470     0.010     0.880
 6    -0.880     0.110     0.460
 6    -0.090    -0.990     0.060
 7   120.762   -22.856    -4.898
 7     0.770    -0.620     0.150
 7     0.580     0.580    -0.570
 7     0.270     0.520     0.810
 8   117.537   -29.431    24.371
 8    -0.220     0.110    -0.970
 8    -0.730     0.640     0.240
 8     0.650     0.760    -0.060
 9   134.327   -33.190    49.148
 9     0.550     0.050     0.830
 9     0.820     0.130    -0.550
 9    -0.140     0.990     0.030
 2    83.211    -4.305    58.863
 2     0.770     0.640    -0.040
 2    -0.640     0.770    -0.050
 2    -0.000     0.060     1.000
 3   130.892    -2.158    -0.333
 3    -0.460     0.010    -0.890
 3    -0.040    -1.000     0.010
 3    -0.880     0.040     0.460
 4   121.152    16.448    -5.167
 4     0.630     0.710     0.310
 4    -0.770     0.520     0.370
 4     0.100    -0.470     0.870
 5   118.683    25.226    20.981
 5    -0.040    -0.260    -0.960
 5     0.910     0.390    -0.140
 5     0.410    -0.880     0.220
 6   131.645    31.609    46.501
 6     0.470     0.000     0.880
 6    -0.880     0.110     0.460
 6    -0.100    -0.990     0.050
 7   120.762   -22.856    -4.898
 7     0.770    -0.620     0.150
 7     0.580     0.580    -0.570
 7     0.270     0.520     0.810
 8   117.540   -29.479    24.415
 8    -0.220     0.110    -0.970
 8    -0.730     0.640     0.240
 8     0.650     0.760    -0.060
 9   134.223   -33.186    49.196
 9     0.550     0.050     0.830
 9     0.820     0.130    -0.550
 9    -0.140     0.990     0.030
 2    83.259    -4.306    58.905
 2     0.770     0.640    -0.040
 2    -0.640     0.770    -0.050
 2    -0.000     0.060     1.000
 3   130.892    -2.158    -0.333
 3    -0.460     0.010    -0.890
 3    -0.040    -1.000     0.010
 3    -0.880     0.040     0.460
 4   121.152    16.448    -5.123
 4     0.630     0.710     0.310
 4    -0.770     0.520     0.370
 4     0.100    -0.470     0.870
 5   118.633    25.226    21.027
 5    -0.040    -0.260    -0.960
 5     0.910     0.390    -0.140
 5     0.410    -0.880     0.220
 6   131.656    31.560    46.631
 6     0.470     0.000     0.880
 6    -0.880     0.110     0.460
 6    -0.100    -0.990     0.050
 7   120.762   -22.856    -4.897
 7     0.770    -0.620     0.150
 7     0.590     0.580    -0.570
 7     0.270     0.520     0.810
 8   117.539   -29.432    24.415
 8    -0.220     0.110    -0.970
 8    -0.730     0.640     0.240
 8     0.650     0.760    -0.060
 9   134.227   -33.187    49.239
 9     0.550     0.050     0.830
 9     0.820     0.130    -0.550
 9    -0.140     0.990     0.030
 2    83.259    -4.306    58.905
 2     0.770     0.640    -0.040
 2    -0.640     0.770    -0.050
 2    -0.000     0.060     1.000
 3   130.892    -2.158    -0.288
 3    -0.460     0.010    -0.890
 3    -0.040    -1.000     0.010
 3    -0.880     0.040     0.460
 4   121.152    16.543    -5.079
 4     0.630     0.710     0.310
 4    -0.770     0.520     0.370
 4     0.100    -0.470     0.870
 5   118.632    25.178    21.027
 5    -0.040    -0.260    -0.960
 5     0.910     0.380    -0.140
 5     0.410    -0.890     0.220
 6   131.603    31.607    46.633
 6     0.470     0.000     0.880
 6    -0.880     0.110     0.460
 6    -0.100    -0.990     0.050
 7   120.768   -22.853    -4.871
 7     0.770    -0.620     0.150
 7     0.590     0.580    -0.570
 7     0.260     0.520     0.810
 8   117.439   -29.428    24.416
 8    -0.220     0.110    -0.970
 8    -0.730     0.640     0.240
 8     0.650     0.760    -0.060
 9   134.285   -33.191    49.280
 9     0.550     0.050     0.830
 9     0.820     0.130    -0.550
 9    -0.140     0.990     0.030
 2    83.211    -4.305    58.863
 2     0.770     0.640    -0.040
 2    -0.640     0.770    -0.050
 2     0.000     0.060     1.000
 3   130.892    -2.158    -0.333
 3    -0.460     0.010    -0.890
 3    -0.040    -1.000     0.010
 3    -0.880     0.040     0.460
 4   121.203    16.496    -5.127
 4     0.630     0.710     0.310
 4    -0.770     0.520     0.370
 4     0.100    -0.480     0.870
 5   118.582    25.178    21.071
 5    -0.040    -0.260    -0.960
 5     0.910     0.380    -0.140
 5     0.410    -0.890     0.220
 6   131.548    31.559    46.638
 6     0.470     0.000     0.880
 6    -0.880     0.110     0.460
 6    -0.100    -0.990     0.050
 7   120.768   -22.853    -4.871
 7     0.770    -0.630     0.150
 7     0.590     0.580    -0.570
 7     0.260     0.520     0.810
 8   117.438   -29.427    24.371
 8    -0.220     0.110    -0.970
 8    -0.730     0.650     0.240
 8     0.650     0.760    -0.060
 9   134.263   -33.237    49.170
 9     0.550     0.050     0.830
 9     0.820     0.130    -0.550
 9    -0.130     0.990     0.030
 2    83.259    -4.306    58.905
 2     0.770     0.640    -0.040
 2    -0.640     0.760    -0.050
 2    -0.000     0.060     1.000
 3   130.892    -2.158    -0.288
 3    -0.460     0.010    -0.890
 3    -0.040    -1.000     0.010
 3    -0.880     0.040     0.460
 4   121.151    16.496    -5.126
 4     0.630     0.710     0.320
 4    -0.770     0.520     0.370
 4     0.100    -0.480     0.870
 5   118.583    25.177    21.075
 5    -0.040    -0.260    -0.960
 5     0.910     0.380    -0.140
 5     0.410    -0.890     0.230
 6   131.497    31.559    46.684
 6     0.460     0.000     0.890
 6    -0.880     0.110     0.460
 6    -0.100    -0.990     0.050
 7   120.768   -22.805    -4.871
 7     0.760    -0.620     0.160
 7     0.590     0.580    -0.570
 7     0.260     0.520     0.810
 8   117.389   -29.425    24.416
 8    -0.220     0.110    -0.970
 8    -0.730     0.640     0.240
 8     0.650     0.760    -0.060
 9   134.218   -33.238    49.259
 9     0.550     0.050     0.830
 9     0.820     0.130    -0.550
 9    -0.130     0.990     0.030
 2    83.259    -4.306    58.905
 2     0.770     0.640    -0.040
 2    -0.640     0.760    -0.050
 2    -0.000     0.060     1.000
 3   130.892    -2.111    -0.289
 3    -0.460     0.010    -0.890
 3    -0.040    -1.000     0.010
 3    -0.880     0.040     0.460
 4   121.100    16.496    -5.124
 4     0.630     0.710     0.320
 4    -0.770     0.520     0.370
 4     0.100    -0.480     0.870
 5   118.484    25.190    20.883
 5    -0.030    -0.260    -0.960
 5     0.920     0.380    -0.130
 5     0.400    -0.890     0.230
 6   131.443    31.559    46.687
 6     0.460     0.000     0.890
 6    -0.880     0.110     0.460
 6    -0.100    -0.990     0.050
 7   120.770   -22.852    -4.871
 7     0.770    -0.620     0.160
 7     0.590     0.580    -0.570
 7     0.260     0.530     0.810
 8   117.387   -29.377    24.372
 8    -0.220     0.110    -0.970
 8    -0.730     0.640     0.240
 8     0.650     0.760    -0.060
 9   134.217   -33.335    49.217
 9     0.550     0.050     0.830
 9     0.820     0.130    -0.550
 9    -0.130     0.990     0.030
 2    83.259    -4.306    58.905
 2     0.770     0.640    -0.040
 2    -0.640     0.760    -0.050
 2    -0.000     0.060     1.000
 3   130.892    -2.111    -0.289
 3    -0.460     0.010    -0.890
 3    -0.040    -1.000     0.010
 3    -0.880     0.040     0.460
 4   121.151    16.496    -5.081
 4     0.630     0.710     0.320
 4    -0.770     0.510     0.370
 4     0.100    -0.480     0.870
 5   118.302    25.555    20.615
 5     0.000    -0.270    -0.960
 5     0.930     0.360    -0.100
 5     0.370    -0.890     0.250
