% Calibrated with leiden_pols
% Positions are in centimeters
Data =[
 2    82.950    -4.084    58.907
 2     0.170     0.980    -0.050
 2    -0.990     0.170     0.000
 2     0.010     0.050     1.000
 3   124.961    -0.346    -5.742
 3    -0.320    -0.160    -0.930
 3    -0.110    -0.970     0.200
 3    -0.940     0.170     0.290
 4   108.198    20.007    -7.777
 4     0.460     0.880     0.140
 4    -0.800     0.340     0.490
 4     0.380    -0.330     0.860
 5   112.963    29.678    21.301
 5    -0.320    -0.150    -0.940
 5     0.720     0.610    -0.340
 5     0.620    -0.780    -0.090
 6   133.197    34.863    48.210
 6     0.460    -0.010     0.890
 6    -0.880     0.100     0.460
 6    -0.090    -1.000     0.030
 7   112.211   -23.172   -10.630
 7     0.740    -0.660     0.140
 7     0.640     0.630    -0.440
 7     0.200     0.410     0.890
 8   113.064   -33.758    21.463
 8    -0.320     0.200    -0.920
 8    -0.600     0.710     0.370
 8     0.730     0.670    -0.110
 9   136.033   -37.643    46.173
 9     0.530     0.090     0.850
 9     0.790     0.300    -0.530
 9    -0.300     0.950     0.090
 2    82.951    -4.130    58.907
 2     0.170     0.980    -0.050
 2    -0.990     0.170     0.000
 2     0.010     0.050     1.000
 3   124.962    -0.394    -5.874
 3    -0.320    -0.150    -0.940
 3    -0.110    -0.970     0.200
 3    -0.940     0.170     0.290
 4   108.147    20.000    -7.809
 4     0.460     0.880     0.130
 4    -0.800     0.340     0.490
 4     0.390    -0.330     0.860
 5   112.913    29.678    21.259
 5    -0.320    -0.150    -0.940
 5     0.720     0.610    -0.340
 5     0.620    -0.780    -0.090
 6   133.247    34.863    48.163
 6     0.460    -0.010     0.890
 6    -0.880     0.100     0.460
 6    -0.090    -1.000     0.030
 7   112.259   -23.176   -10.705
 7     0.740    -0.660     0.130
 7     0.640     0.630    -0.440
 7     0.210     0.410     0.890
 8   113.110   -33.809    21.423
 8    -0.330     0.200    -0.920
 8    -0.600     0.710     0.370
 8     0.730     0.670    -0.110
 9   136.133   -37.694    46.038
 9     0.530     0.090     0.840
 9     0.790     0.300    -0.530
 9    -0.300     0.950     0.090
 2    82.948    -4.130    58.863
 2     0.170     0.980    -0.050
 2    -0.990     0.170     0.000
 2     0.010     0.050     1.000
 3   124.966    -0.392    -5.880
 3    -0.310    -0.150    -0.940
 3    -0.110    -0.970     0.200
 3    -0.940     0.170     0.290
 4   108.098    20.093    -7.855
 4     0.460     0.880     0.130
 4    -0.800     0.340     0.490
 4     0.390    -0.330     0.860
 5   112.912    29.678    21.214
 5    -0.320    -0.150    -0.940
 5     0.720     0.610    -0.340
 5     0.620    -0.780    -0.090
 6   133.243    34.864    48.120
 6     0.460    -0.010     0.890
 6    -0.880     0.100     0.460
 6    -0.090    -0.990     0.030
 7   112.209   -23.126   -10.750
 7     0.740    -0.660     0.130
 7     0.640     0.630    -0.440
 7     0.210     0.410     0.890
 8   113.206   -33.860    21.335
 8    -0.330     0.200    -0.920
 8    -0.600     0.710     0.370
 8     0.730     0.670    -0.110
 9   136.286   -37.601    45.943
 9     0.530     0.090     0.840
 9     0.790     0.300    -0.530
 9    -0.300     0.950     0.090
 2    82.951    -4.130    58.907
 2     0.170     0.980    -0.050
 2    -0.990     0.170     0.000
 2     0.010     0.050     1.000
 3   124.913    -0.392    -5.920
 3    -0.310    -0.150    -0.940
 3    -0.110    -0.970     0.200
 3    -0.940     0.170     0.290
 4   108.049    20.093    -7.854
 4     0.460     0.880     0.130
 4    -0.800     0.340     0.490
 4     0.390    -0.330     0.860
 5   112.810    29.679    21.172
 5    -0.320    -0.150    -0.940
 5     0.720     0.610    -0.340
 5     0.620    -0.780    -0.090
 6   133.181    34.768    48.083
 6     0.460    -0.020     0.890
 6    -0.880     0.100     0.460
 6    -0.090    -0.990     0.030
 7   112.208   -23.126   -10.705
 7     0.740    -0.660     0.130
 7     0.640     0.630    -0.440
 7     0.210     0.410     0.890
 8   113.208   -33.860    21.334
 8    -0.330     0.200    -0.920
 8    -0.600     0.710     0.370
 8     0.730     0.670    -0.120
 9   136.388   -37.652    45.851
 9     0.530     0.090     0.840
 9     0.790     0.300    -0.540
 9    -0.300     0.950     0.090
 2    82.951    -4.130    58.907
 2     0.170     0.980    -0.050
 2    -0.990     0.170     0.000
 2     0.010     0.050     1.000
 3   124.858    -0.388    -5.918
 3    -0.310    -0.160    -0.940
 3    -0.110    -0.970     0.200
 3    -0.940     0.160     0.290
 4   107.952    20.092    -7.898
 4     0.460     0.880     0.130
 4    -0.800     0.340     0.500
 4     0.390    -0.330     0.860
 5   112.809    29.725    21.130
 5    -0.320    -0.150    -0.940
 5     0.710     0.610    -0.340
 5     0.620    -0.780    -0.090
 6   133.179    34.864    48.038
 6     0.460    -0.020     0.890
 6    -0.880     0.100     0.460
 6    -0.090    -0.990     0.030
 7   112.159   -23.124   -10.750
 7     0.740    -0.660     0.120
 7     0.630     0.640    -0.440
 7     0.210     0.410     0.890
 8   113.253   -33.863    21.294
 8    -0.340     0.200    -0.920
 8    -0.600     0.710     0.370
 8     0.730     0.680    -0.120
 9   136.441   -37.655    45.804
 9     0.530     0.090     0.840
 9     0.790     0.300    -0.540
 9    -0.300     0.950     0.080
 2    82.950    -4.084    58.907
 2     0.170     0.980    -0.050
 2    -0.990     0.170     0.000
 2     0.010     0.050     1.000
 3   124.753    -0.390    -5.867
 3    -0.310    -0.160    -0.940
 3    -0.110    -0.970     0.200
 3    -0.940     0.160     0.280
 4   107.805    20.045    -7.896
 4     0.460     0.880     0.130
 4    -0.800     0.340     0.500
 4     0.390    -0.330     0.860
 5   112.710    29.772    21.086
 5    -0.320    -0.150    -0.930
 5     0.710     0.610    -0.340
 5     0.620    -0.780    -0.090
 6   133.134    34.920    47.981
 6     0.460    -0.010     0.890
 6    -0.880     0.100     0.460
 6    -0.100    -0.990     0.030
 7   112.110   -23.122   -10.750
 7     0.740    -0.660     0.120
 7     0.630     0.640    -0.440
 7     0.210     0.410     0.890
 8   113.204   -33.814    21.338
 8    -0.340     0.200    -0.920
 8    -0.600     0.710     0.370
 8     0.730     0.680    -0.120
 9   136.443   -37.608    45.848
 9     0.530     0.090     0.840
 9     0.790     0.300    -0.540
 9    -0.300     0.950     0.080
 2    82.950    -4.084    58.907
 2     0.170     0.980    -0.050
 2    -0.990     0.170     0.000
 2     0.010     0.050     1.000
 3   124.807    -0.439    -5.870
 3    -0.310    -0.160    -0.940
 3    -0.110    -0.970     0.200
 3    -0.940     0.160     0.280
 4   107.804    20.040    -7.930
 4     0.460     0.880     0.120
 4    -0.790     0.350     0.500
 4     0.400    -0.330     0.860
 5   112.708    29.820    20.959
 5    -0.320    -0.150    -0.930
 5     0.710     0.610    -0.340
 5     0.620    -0.780    -0.080
 6   133.130    34.920    47.939
 6     0.460    -0.010     0.890
 6    -0.880     0.100     0.460
 6    -0.100    -0.990     0.030
 7   112.111   -23.170   -10.750
 7     0.740    -0.660     0.120
 7     0.630     0.640    -0.440
 7     0.210     0.410     0.890
 8   113.204   -33.861    21.293
 8    -0.340     0.200    -0.920
 8    -0.600     0.710     0.370
 8     0.730     0.680    -0.120
 9   136.496   -37.655    45.800
 9     0.540     0.090     0.840
 9     0.790     0.300    -0.540
 9    -0.300     0.950     0.080
 2    82.905    -4.084    58.909
 2     0.170     0.980    -0.050
 2    -0.990     0.170     0.000
 2     0.010     0.050     1.000
 3   124.754    -0.394    -5.865
 3    -0.310    -0.160    -0.940
 3    -0.110    -0.970     0.200
 3    -0.940     0.170     0.280
 4   107.804    20.040    -7.975
 4     0.460     0.880     0.120
 4    -0.790     0.350     0.500
 4     0.400    -0.330     0.860
 5   112.798    29.824    20.403
 5    -0.280    -0.180    -0.940
 5     0.720     0.610    -0.330
 5     0.630    -0.780    -0.040
