% Calibrated with leiden_pols
% Positions are in centimeters
Data =[
 2    82.950    -4.084    58.907
 2     0.170     0.980    -0.050
 2    -0.990     0.170     0.000
 2     0.010     0.050     1.000
 3   125.817    -0.526    -4.949
 3    -0.290    -0.190    -0.940
 3    -0.120    -0.970     0.230
 3    -0.950     0.180     0.260
 4   109.181    20.113    -7.980
 4     0.440     0.890     0.140
 4    -0.820     0.330     0.460
 4     0.360    -0.310     0.880
 5   110.052    29.611    21.455
 5    -0.230    -0.150    -0.960
 5     0.670     0.690    -0.270
 5     0.700    -0.710    -0.050
 6   127.210    36.317    50.146
 6     0.420     0.030     0.910
 6    -0.910    -0.030     0.420
 6     0.040    -1.000     0.010
 7   113.000   -23.300   -10.242
 7     0.730    -0.660     0.140
 7     0.650     0.640    -0.410
 7     0.190     0.390     0.900
 8   111.769   -34.212    21.535
 8    -0.250     0.210    -0.940
 8    -0.630     0.710     0.330
 8     0.740     0.670    -0.050
 9   133.317   -38.267    47.247
 9     0.480     0.110     0.870
 9     0.780     0.390    -0.480
 9    -0.390     0.910     0.100
 2    82.947    -4.083    58.863
 2     0.170     0.980    -0.050
 2    -0.990     0.170     0.000
 2     0.010     0.050     1.000
 3   125.805    -0.529    -4.888
 3    -0.290    -0.190    -0.940
 3    -0.110    -0.970     0.230
 3    -0.950     0.170     0.260
 4   109.182    20.113    -8.069
 4     0.440     0.890     0.130
 4    -0.820     0.340     0.460
 4     0.360    -0.310     0.880
 5   110.054    29.662    21.449
 5    -0.220    -0.150    -0.960
 5     0.670     0.690    -0.270
 5     0.700    -0.710    -0.050
 6   127.200    36.271    50.061
 6     0.420     0.030     0.910
 6    -0.910    -0.030     0.420
 6     0.040    -1.000     0.010
 7   113.001   -23.348   -10.242
 7     0.730    -0.660     0.140
 7     0.650     0.640    -0.410
 7     0.190     0.390     0.900
 8   111.817   -34.214    21.535
 8    -0.250     0.210    -0.940
 8    -0.630     0.710     0.330
 8     0.740     0.670    -0.050
 9   133.403   -38.175    47.178
 9     0.480     0.110     0.870
 9     0.790     0.380    -0.480
 9    -0.380     0.920     0.100
 2    82.948    -4.130    58.863
 2     0.170     0.980    -0.050
 2    -0.990     0.170     0.000
 2     0.010     0.050     1.000
 3   125.805    -0.577    -4.933
 3    -0.290    -0.200    -0.940
 3    -0.110    -0.970     0.240
 3    -0.950     0.170     0.260
 4   109.231    20.067    -8.025
 4     0.440     0.890     0.130
 4    -0.820     0.340     0.460
 4     0.360    -0.310     0.880
 5   110.102    29.662    21.449
 5    -0.220    -0.160    -0.960
 5     0.670     0.690    -0.270
 5     0.700    -0.710    -0.050
 6   127.253    36.315    50.063
 6     0.420     0.030     0.910
 6    -0.910    -0.030     0.420
 6     0.040    -1.000     0.020
 7   113.055   -23.348   -10.212
 7     0.730    -0.660     0.140
 7     0.650     0.640    -0.410
 7     0.180     0.390     0.900
 8   111.918   -34.173    21.668
 8    -0.250     0.210    -0.940
 8    -0.630     0.710     0.330
 8     0.740     0.680    -0.050
 9   133.808   -38.050    47.157
 9     0.490     0.110     0.860
 9     0.790     0.350    -0.500
 9    -0.360     0.930     0.090
 2    82.951    -4.130    58.907
 2     0.170     0.980    -0.050
 2    -0.990     0.170     0.000
 2     0.010     0.050     1.000
 3   125.858    -0.577    -4.892
 3    -0.290    -0.200    -0.940
 3    -0.110    -0.960     0.240
 3    -0.950     0.170     0.260
 4   109.278    20.067    -7.979
 4     0.440     0.890     0.140
 4    -0.830     0.340     0.450
 4     0.360    -0.310     0.880
 5   110.052    29.615    21.407
 5    -0.220    -0.160    -0.960
 5     0.670     0.690    -0.270
 5     0.700    -0.710    -0.050
 6   127.253    36.315    50.063
 6     0.420     0.030     0.910
 6    -0.910    -0.030     0.420
 6     0.040    -1.000     0.020
 7   113.001   -23.396   -10.197
 7     0.730    -0.660     0.140
 7     0.650     0.630    -0.410
 7     0.190     0.390     0.900
 8   111.965   -34.224    21.716
 8    -0.260     0.210    -0.940
 8    -0.630     0.710     0.330
 8     0.740     0.670    -0.050
 9   133.949   -38.543    47.018
 9     0.500     0.100     0.860
 9     0.800     0.340    -0.500
 9    -0.340     0.940     0.090
 2    82.951    -4.130    58.907
 2     0.170     0.980    -0.050
 2    -0.990     0.170     0.000
 2     0.010     0.050     1.000
 3   125.912    -0.624    -4.851
 3    -0.290    -0.200    -0.930
 3    -0.110    -0.960     0.240
 3    -0.950     0.170     0.260
 4   109.327    20.113    -7.980
 4     0.440     0.890     0.140
 4    -0.830     0.340     0.450
 4     0.360    -0.310     0.880
 5   110.054    29.615    21.411
 5    -0.220    -0.160    -0.960
 5     0.680     0.690    -0.270
 5     0.700    -0.710    -0.040
 6   127.206    36.362    50.107
 6     0.420     0.030     0.910
 6    -0.910    -0.030     0.420
 6     0.040    -1.000     0.020
 7   113.056   -23.443   -10.212
 7     0.730    -0.660     0.140
 7     0.650     0.630    -0.410
 7     0.180     0.390     0.900
 8   111.967   -34.176    21.758
 8    -0.250     0.220    -0.940
 8    -0.630     0.710     0.330
 8     0.740     0.670    -0.040
 9   133.903   -38.447    47.152
 9     0.500     0.100     0.860
 9     0.800     0.330    -0.500
 9    -0.340     0.940     0.090
 2    82.951    -4.130    58.907
 2     0.170     0.980    -0.050
 2    -0.990     0.170     0.000
 2     0.010     0.050     1.000
 3   125.859    -0.624    -4.848
 3    -0.290    -0.200    -0.930
 3    -0.110    -0.960     0.240
 3    -0.950     0.170     0.260
 4   109.528    20.074    -7.994
 4     0.440     0.890     0.140
 4    -0.830     0.340     0.450
 4     0.350    -0.310     0.880
 5   110.102    29.476    21.369
 5    -0.210    -0.160    -0.960
 5     0.680     0.680    -0.260
 5     0.700    -0.710    -0.030
 6   127.212    36.266    50.196
 6     0.420     0.030     0.910
 6    -0.910    -0.030     0.420
 6     0.040    -1.000     0.020
 7   113.204   -23.449   -10.168
 7     0.730    -0.670     0.150
 7     0.660     0.630    -0.410
 7     0.180     0.390     0.900
 8   111.818   -34.167    21.667
 8    -0.240     0.220    -0.940
 8    -0.620     0.710     0.330
 8     0.740     0.670    -0.030
 9   133.739   -38.541    47.268
 9     0.500     0.100     0.860
 9     0.800     0.330    -0.500
 9    -0.330     0.940     0.090
 2    82.951    -4.130    58.907
 2     0.170     0.980    -0.050
 2    -0.990     0.170     0.000
 2     0.010     0.050     1.000
 3   126.072    -0.624    -4.729
 3    -0.290    -0.200    -0.930
 3    -0.110    -0.960     0.240
 3    -0.950     0.170     0.260
 4   109.726    20.080    -8.051
 4     0.430     0.890     0.150
 4    -0.830     0.330     0.440
 4     0.340    -0.310     0.890
 5   109.851    29.424    21.297
 5    -0.190    -0.170    -0.970
 5     0.680     0.690    -0.250
 5     0.710    -0.710    -0.020
 6   126.781    36.357    50.176
 6     0.410     0.040     0.910
 6    -0.910    -0.030     0.410
 6     0.040    -1.000     0.020
 7   113.508   -23.457   -10.185
 7     0.730    -0.670     0.150
 7     0.660     0.630    -0.400
 7     0.170     0.390     0.900
 8   111.520   -34.198    21.500
 8    -0.220     0.230    -0.950
 8    -0.620     0.720     0.320
 8     0.750     0.660    -0.010
 9   132.843   -38.274    47.705
 9     0.480     0.090     0.870
 9     0.810     0.330    -0.480
 9    -0.330     0.940     0.080
 2    82.951    -4.130    58.907
 2     0.170     0.980    -0.050
 2    -0.990     0.170     0.000
 2     0.010     0.050     1.000
 3   126.112    -0.631    -4.627
 3    -0.290    -0.210    -0.930
 3    -0.100    -0.960     0.250
 3    -0.950     0.170     0.260
 4   109.923    20.080    -8.141
 4     0.430     0.890     0.150
 4    -0.840     0.330     0.430
 4     0.340    -0.310     0.890
 5   109.653    29.335    21.126
 5    -0.170    -0.170    -0.970
 5     0.680     0.690    -0.240
 5     0.710    -0.700     0.000
