% Calibrated with leiden_pols
% Positions are in centimeters
Data =[
 2    83.319    -4.397    58.481
 2     0.890     0.450    -0.040
 2    -0.450     0.890    -0.020
 2     0.030     0.030     1.000
 3   127.683    -2.155     0.937
 3    -0.310    -0.120    -0.940
 3     0.030    -0.990     0.120
 3    -0.950     0.010     0.320
 4   114.518    15.318    -2.659
 4     0.530     0.840     0.110
 4    -0.780     0.440     0.440
 4     0.320    -0.320     0.890
 5   113.451    23.540    23.655
 5    -0.150    -0.310    -0.940
 5     0.490     0.800    -0.340
 5     0.860    -0.510     0.030
 6   126.529    32.924    42.190
 6     0.380     0.160     0.910
 6    -0.890     0.330     0.310
 6    -0.250    -0.930     0.260
 7   113.840   -19.438    -2.372
 7     0.510    -0.850     0.160
 7     0.770     0.360    -0.520
 7     0.380     0.390     0.840
 8   113.744   -26.465    24.794
 8    -0.210     0.220    -0.950
 8    -0.340     0.900     0.280
 8     0.920     0.380    -0.120
 9   128.207   -34.473    43.931
 9     0.430    -0.160     0.890
 9     0.890     0.220    -0.390
 9    -0.130     0.960     0.240
 2    83.319    -4.397    58.481
 2     0.890     0.450    -0.040
 2    -0.450     0.890    -0.020
 2     0.030     0.030     1.000
 3   127.736    -2.156     0.934
 3    -0.310    -0.120    -0.940
 3     0.030    -0.990     0.120
 3    -0.950     0.010     0.310
 4   114.568    15.413    -2.617
 4     0.530     0.840     0.110
 4    -0.780     0.440     0.440
 4     0.320    -0.320     0.890
 5   113.654    23.503    23.716
 5    -0.160    -0.310    -0.940
 5     0.500     0.790    -0.340
 5     0.850    -0.530     0.020
 6   127.020    32.642    42.337
 6     0.390     0.150     0.910
 6    -0.890     0.330     0.320
 6    -0.250    -0.930     0.260
 7   113.891   -19.440    -2.462
 7     0.510    -0.850     0.160
 7     0.780     0.360    -0.520
 7     0.380     0.390     0.840
 8   113.890   -26.419    24.775
 8    -0.220     0.220    -0.950
 8    -0.340     0.900     0.280
 8     0.910     0.390    -0.120
 9   128.464   -34.435    43.834
 9     0.430    -0.160     0.890
 9     0.890     0.220    -0.400
 9    -0.130     0.960     0.240
 2    83.319    -4.397    58.481
 2     0.890     0.450    -0.040
 2    -0.450     0.890    -0.020
 2     0.030     0.030     1.000
 3   127.732    -2.109     0.934
 3    -0.310    -0.120    -0.940
 3     0.030    -0.990     0.110
 3    -0.950     0.000     0.310
 4   114.619    15.412    -2.661
 4     0.530     0.840     0.110
 4    -0.780     0.440     0.440
 4     0.320    -0.320     0.890
 5   113.799    23.682    23.678
 5    -0.180    -0.310    -0.940
 5     0.490     0.800    -0.350
 5     0.850    -0.520     0.010
 6   127.609    32.699    42.247
 6     0.410     0.140     0.900
 6    -0.880     0.330     0.350
 6    -0.250    -0.940     0.250
 7   113.890   -19.345    -2.416
 7     0.500    -0.850     0.160
 7     0.780     0.360    -0.510
 7     0.380     0.390     0.840
 8   113.837   -26.518    24.844
 8    -0.220     0.220    -0.950
 8    -0.340     0.900     0.290
 8     0.920     0.380    -0.120
 9   128.720   -34.537    43.647
 9     0.440    -0.160     0.880
 9     0.890     0.230    -0.400
 9    -0.130     0.960     0.240
 2    83.319    -4.397    58.481
 2     0.890     0.450    -0.040
 2    -0.450     0.890    -0.020
 2     0.030     0.030     1.000
 3   127.732    -2.110     0.979
 3    -0.310    -0.120    -0.940
 3     0.030    -0.990     0.110
 3    -0.950     0.000     0.310
 4   114.669    15.507    -2.578
 4     0.540     0.830     0.120
 4    -0.780     0.440     0.440
 4     0.320    -0.330     0.890
 5   113.754    23.782    23.630
 5    -0.170    -0.310    -0.940
 5     0.500     0.790    -0.350
 5     0.850    -0.530     0.020
 6   127.608    32.747    42.248
 6     0.400     0.140     0.900
 6    -0.880     0.330     0.340
 6    -0.250    -0.930     0.250
 7   113.890   -19.344    -2.461
 7     0.500    -0.850     0.160
 7     0.780     0.360    -0.510
 7     0.380     0.390     0.840
 8   113.318   -26.671    24.662
 8    -0.200     0.230    -0.950
 8    -0.360     0.890     0.290
 8     0.910     0.400    -0.100
 9   128.337   -34.709    43.738
 9     0.440    -0.160     0.890
 9     0.890     0.250    -0.390
 9    -0.160     0.960     0.250
 2    83.319    -4.397    58.481
 2     0.890     0.450    -0.040
 2    -0.450     0.890    -0.020
 2     0.030     0.030     1.000
 3   127.737    -2.061     1.023
 3    -0.310    -0.120    -0.940
 3     0.030    -0.990     0.110
 3    -0.950     0.010     0.310
 4   114.824    15.561    -2.639
 4     0.540     0.830     0.120
 4    -0.780     0.440     0.440
 4     0.310    -0.330     0.890
 5   112.734    24.159    23.255
 5    -0.120    -0.320    -0.940
 5     0.530     0.780    -0.330
 5     0.840    -0.540     0.070
 6   125.431    32.807    42.489
 6     0.350     0.130     0.930
 6    -0.890     0.360     0.290
 6    -0.300    -0.920     0.240
 7   113.944   -19.295    -2.521
 7     0.500    -0.850     0.170
 7     0.780     0.360    -0.510
 7     0.370     0.390     0.840
 8   111.951   -27.033    24.185
 8    -0.140     0.250    -0.960
 8    -0.350     0.890     0.290
 8     0.930     0.370    -0.040
 9   125.362   -35.751    44.021
 9     0.390    -0.180     0.900
 9     0.910     0.250    -0.340
 9    -0.170     0.950     0.260
 2    83.319    -4.397    58.481
 2     0.890     0.450    -0.040
 2    -0.450     0.890    -0.020
 2     0.030     0.030     1.000
 3   127.792    -1.966     1.063
 3    -0.310    -0.120    -0.940
 3     0.030    -0.990     0.110
 3    -0.950     0.010     0.310
 4   114.884    15.572    -2.795
 4     0.530     0.840     0.130
 4    -0.790     0.440     0.420
 4     0.290    -0.320     0.900
 5   111.079    24.650    22.475
 5    -0.050    -0.330    -0.940
 5     0.570     0.770    -0.300
 5     0.820    -0.550     0.150
 6   122.016    33.640    42.484
 6     0.290     0.130     0.950
 6    -0.900     0.380     0.220
 6    -0.330    -0.920     0.230
 7   114.151   -19.200    -2.597
 7     0.500    -0.850     0.180
 7     0.790     0.360    -0.490
 7     0.350     0.390     0.850
 8   110.175   -27.120    23.630
 8    -0.060     0.270    -0.960
 8    -0.350     0.900     0.270
 8     0.930     0.350     0.040
 9   121.145   -36.504    44.356
 9     0.300    -0.200     0.930
 9     0.940     0.250    -0.250
 9    -0.180     0.950     0.260
 2    83.319    -4.397    58.481
 2     0.890     0.450    -0.040
 2    -0.450     0.890    -0.020
 2     0.030     0.030     1.000
 3   127.895    -1.967     1.056
 3    -0.300    -0.120    -0.950
 3     0.030    -0.990     0.110
 3    -0.950     0.000     0.300
 4   114.985    15.528    -3.027
 4     0.520     0.840     0.140
 4    -0.810     0.430     0.400
 4     0.280    -0.320     0.910
 5   109.419    25.216    21.537
 5     0.020    -0.350    -0.940
 5     0.590     0.760    -0.270
 5     0.810    -0.550     0.220
 6   118.583    34.122    42.766
 6     0.220     0.130     0.970
 6    -0.910     0.390     0.160
 6    -0.350    -0.910     0.210
 7   114.304   -19.297    -2.834
 7     0.490    -0.850     0.180
 7     0.800     0.360    -0.480
 7     0.340     0.380     0.860
 8   108.499   -27.310    22.833
 8     0.030     0.290    -0.960
 8    -0.340     0.900     0.260
 8     0.940     0.320     0.120
 9   117.652   -37.264    43.999
 9     0.230    -0.220     0.950
 9     0.950     0.240    -0.180
 9    -0.190     0.940     0.270
 2    83.319    -4.397    58.481
 2     0.890     0.450    -0.040
 2    -0.450     0.890    -0.020
 2     0.030     0.030     1.000
 3   128.011    -1.814     1.037
 3    -0.300    -0.120    -0.950
 3     0.040    -0.990     0.110
 3    -0.950    -0.000     0.300
 4   114.992    15.493    -3.095
 4     0.510     0.850     0.150
 4    -0.820     0.420     0.380
 4     0.260    -0.320     0.910
 5   107.774    25.488    21.087
 5     0.090    -0.360    -0.930
 5     0.590     0.770    -0.240
 5     0.800    -0.530     0.280
