% Calibrated with leiden_pols
% Positions are in centimeters
Data =[
 2    83.319    -4.397    58.481
 2     0.890     0.450    -0.040
 2    -0.450     0.890    -0.020
 2     0.030     0.030     1.000
 3   128.100    -1.501     1.463
 3    -0.280    -0.120    -0.950
 3     0.060    -0.990     0.110
 3    -0.960    -0.030     0.280
 4   115.199    15.347    -3.260
 4     0.530     0.840     0.110
 4    -0.800     0.460     0.380
 4     0.270    -0.290     0.920
 5   115.735    23.038    23.661
 5    -0.260    -0.300    -0.920
 5     0.430     0.810    -0.390
 5     0.860    -0.500    -0.080
 6   131.539    32.115    40.692
 6     0.500     0.130     0.850
 6    -0.850     0.260     0.460
 6    -0.170    -0.960     0.240
 7   115.925   -19.713    -3.216
 7     0.590    -0.790     0.160
 7     0.750     0.460    -0.480
 7     0.310     0.400     0.860
 8   117.622   -26.290    24.642
 8    -0.320     0.200    -0.930
 8    -0.360     0.880     0.320
 8     0.880     0.430    -0.210
 9   135.745   -32.857    42.232
 9     0.560    -0.100     0.820
 9     0.820     0.210    -0.540
 9    -0.120     0.970     0.200
 2    83.319    -4.397    58.481
 2     0.890     0.450    -0.040
 2    -0.450     0.890    -0.020
 2     0.030     0.030     1.000
 3   128.370    -1.556     1.491
 3    -0.280    -0.120    -0.950
 3     0.060    -0.990     0.110
 3    -0.960    -0.030     0.280
 4   115.407    15.263    -3.201
 4     0.530     0.840     0.120
 4    -0.810     0.460     0.370
 4     0.250    -0.290     0.920
 5   114.951    22.974    23.531
 5    -0.220    -0.310    -0.930
 5     0.450     0.810    -0.370
 5     0.860    -0.500    -0.040
 6   129.715    32.067    41.335
 6     0.460     0.120     0.880
 6    -0.870     0.270     0.420
 6    -0.190    -0.950     0.230
 7   116.032   -19.762    -3.023
 7     0.580    -0.800     0.180
 7     0.760     0.450    -0.460
 7     0.290     0.400     0.870
 8   116.290   -26.332    24.791
 8    -0.260     0.210    -0.940
 8    -0.350     0.890     0.300
 8     0.900     0.410    -0.160
 9   133.083   -33.361    43.438
 9     0.520    -0.110     0.850
 9     0.850     0.200    -0.490
 9    -0.120     0.970     0.190
 2    83.319    -4.397    58.481
 2     0.890     0.450    -0.040
 2    -0.450     0.890    -0.020
 2     0.030     0.030     1.000
 3   128.532    -1.608     1.570
 3    -0.280    -0.120    -0.950
 3     0.060    -0.990     0.110
 3    -0.960    -0.030     0.280
 4   115.662    15.269    -3.221
 4     0.530     0.840     0.140
 4    -0.810     0.460     0.360
 4     0.240    -0.300     0.920
 5   113.830    23.388    23.270
 5    -0.170    -0.310    -0.930
 5     0.480     0.800    -0.360
 5     0.860    -0.510     0.020
 6   127.473    32.300    41.914
 6     0.420     0.120     0.900
 6    -0.890     0.280     0.370
 6    -0.210    -0.950     0.220
 7   116.138   -19.810    -3.038
 7     0.570    -0.800     0.180
 7     0.770     0.440    -0.450
 7     0.280     0.400     0.870
 8   114.716   -26.551    24.713
 8    -0.200     0.230    -0.950
 8    -0.340     0.900     0.290
 8     0.920     0.380    -0.100
 9   129.841   -33.830    44.134
 9     0.470    -0.110     0.880
 9     0.880     0.180    -0.450
 9    -0.100     0.980     0.180
 2    83.318    -4.350    58.481
 2     0.890     0.450    -0.040
 2    -0.450     0.890    -0.020
 2     0.030     0.030     1.000
 3   128.913    -1.612     1.543
 3    -0.270    -0.120    -0.950
 3     0.060    -0.990     0.110
 3    -0.960    -0.030     0.280
 4   115.917    15.369    -3.286
 4     0.530     0.840     0.150
 4    -0.820     0.450     0.350
 4     0.230    -0.310     0.920
 5   112.625    24.267    22.510
 5    -0.100    -0.330    -0.940
 5     0.530     0.780    -0.330
 5     0.840    -0.530     0.090
 6   125.023    32.881    42.040
 6     0.360     0.100     0.930
 6    -0.900     0.310     0.320
 6    -0.250    -0.950     0.200
 7   116.599   -19.772    -3.163
 7     0.570    -0.800     0.190
 7     0.780     0.450    -0.440
 7     0.260     0.400     0.880
 8   113.250   -27.133    23.934
 8    -0.130     0.250    -0.960
 8    -0.350     0.890     0.280
 8     0.930     0.370    -0.020
 9   127.005   -34.396    44.450
 9     0.420    -0.110     0.900
 9     0.900     0.170    -0.400
 9    -0.110     0.980     0.180
 2    83.319    -4.397    58.481
 2     0.890     0.450    -0.040
 2    -0.450     0.890    -0.020
 2     0.030     0.030     1.000
 3   129.131    -1.509     1.516
 3    -0.270    -0.130    -0.960
 3     0.070    -0.990     0.110
 3    -0.960    -0.040     0.270
 4   116.078    15.237    -3.576
 4     0.520     0.840     0.150
 4    -0.830     0.450     0.340
 4     0.210    -0.300     0.930
 5   111.271    25.002    21.665
 5    -0.040    -0.350    -0.940
 5     0.580     0.760    -0.310
 5     0.810    -0.550     0.170
 6   122.383    33.266    42.174
 6     0.310     0.090     0.950
 6    -0.900     0.340     0.260
 6    -0.300    -0.940     0.180
 7   117.107   -19.690    -3.272
 7     0.570    -0.790     0.200
 7     0.780     0.460    -0.430
 7     0.250     0.400     0.880
 8   111.720   -27.552    23.133
 8    -0.050     0.270    -0.960
 8    -0.380     0.890     0.270
 8     0.920     0.380     0.060
 9   123.979   -35.374    44.343
 9     0.370    -0.120     0.920
 9     0.920     0.190    -0.340
 9    -0.140     0.970     0.180
 2    83.319    -4.397    58.481
 2     0.890     0.450    -0.040
 2    -0.450     0.890    -0.020
 2     0.030     0.030     1.000
 3   129.350    -1.451     1.443
 3    -0.260    -0.130    -0.960
 3     0.080    -0.990     0.110
 3    -0.960    -0.050     0.270
 4   116.129    15.288    -3.720
 4     0.500     0.850     0.160
 4    -0.840     0.430     0.320
 4     0.200    -0.300     0.930
 5   109.714    25.607    20.995
 5     0.020    -0.370    -0.930
 5     0.600     0.750    -0.280
 5     0.800    -0.550     0.240
 6   119.444    33.804    42.167
 6     0.250     0.080     0.960
 6    -0.920     0.340     0.210
 6    -0.310    -0.940     0.160
 7   117.621   -19.604    -3.533
 7     0.580    -0.790     0.200
 7     0.780     0.470    -0.410
 7     0.230     0.390     0.890
 8   110.477   -28.129    22.126
 8     0.030     0.290    -0.960
 8    -0.410     0.880     0.250
 8     0.910     0.390     0.140
 9   120.855   -35.723    44.241
 9     0.310    -0.120     0.940
 9     0.940     0.210    -0.280
 9    -0.170     0.970     0.170
 2    83.319    -4.397    58.481
 2     0.890     0.450    -0.040
 2    -0.450     0.890    -0.020
 2     0.030     0.030     1.000
 3   129.407    -1.294     1.466
 3    -0.250    -0.130    -0.960
 3     0.090    -0.990     0.110
 3    -0.960    -0.060     0.260
 4   116.126    15.334    -3.763
 4     0.490     0.860     0.170
 4    -0.850     0.420     0.310
 4     0.200    -0.300     0.930
 5   108.399    25.688    20.411
 5     0.080    -0.380    -0.920
 5     0.610     0.750    -0.260
 5     0.790    -0.540     0.290
 6   116.926    34.201    41.873
 6     0.210     0.080     0.970
 6    -0.930     0.340     0.170
 6    -0.320    -0.940     0.140
 7   117.830   -19.606    -3.640
 7     0.580    -0.790     0.200
 7     0.780     0.470    -0.400
 7     0.220     0.390     0.890
 8   109.464   -28.202    21.363
 8     0.090     0.300    -0.950
 8    -0.430     0.870     0.240
 8     0.900     0.390     0.210
 9   118.310   -36.573    43.874
 9     0.250    -0.130     0.960
 9     0.950     0.220    -0.220
 9    -0.190     0.970     0.180
 2    83.319    -4.397    58.481
 2     0.890     0.450    -0.040
 2    -0.450     0.890    -0.020
 2     0.030     0.030     1.000
 3   129.409    -1.188     1.498
 3    -0.250    -0.130    -0.960
 3     0.100    -0.990     0.110
 3    -0.960    -0.070     0.260
 4   116.129    15.433    -3.776
 4     0.480     0.860     0.170
 4    -0.850     0.420     0.310
 4     0.190    -0.300     0.930
 5   107.381    25.902    19.872
 5     0.120    -0.380    -0.910
 5     0.610     0.760    -0.240
 5     0.780    -0.530     0.330
