% Calibrated with leiden_pols
% Positions are in centimeters
Data =[
 2    96.890   -21.028    60.099
 2     0.090     0.990    -0.080
 2    -1.000     0.090    -0.040
 2    -0.030     0.080     1.000
 3   128.814    -3.688    -3.626
 3    -0.210     0.020    -0.980
 3    -0.060    -1.000    -0.010
 3    -0.980     0.060     0.210
 4   114.474    17.426   -11.052
 4     0.540     0.770     0.330
 4    -0.800     0.360     0.470
 4     0.240    -0.520     0.820
 5   112.761    22.956    22.247
 5    -0.160    -0.180    -0.970
 5     0.590     0.770    -0.240
 5     0.790    -0.610    -0.020
 6   130.479    29.961    49.825
 6     0.460     0.040     0.890
 6    -0.890     0.080     0.460
 6    -0.060    -1.000     0.070
 7   113.507   -25.064    -9.766
 7     0.560    -0.730     0.380
 7     0.740     0.250    -0.620
 7     0.370     0.630     0.680
 8   112.296   -27.887    25.076
 8    -0.200     0.050    -0.980
 8    -0.430     0.890     0.140
 8     0.880     0.440    -0.160
 9   128.433   -32.264    52.084
 9     0.350     0.110     0.930
 9     0.930     0.030    -0.350
 9    -0.070     0.990    -0.090
 2    96.842   -21.027    60.101
 2     0.090     0.990    -0.070
 2    -1.000     0.090    -0.040
 2    -0.030     0.080     1.000
 3   128.704    -3.534    -3.534
 3    -0.210     0.030    -0.980
 3    -0.060    -1.000    -0.010
 3    -0.980     0.050     0.210
 4   114.468    17.513   -10.997
 4     0.540     0.770     0.330
 4    -0.800     0.360     0.470
 4     0.250    -0.520     0.810
 5   112.662    22.956    22.291
 5    -0.160    -0.180    -0.970
 5     0.590     0.770    -0.240
 5     0.790    -0.610    -0.020
 6   130.362    29.999    49.846
 6     0.460     0.040     0.890
 6    -0.890     0.080     0.460
 6    -0.050    -1.000     0.070
 7   113.511   -25.061    -9.782
 7     0.560    -0.730     0.380
 7     0.740     0.250    -0.620
 7     0.360     0.630     0.680
 8   112.295   -27.841    25.121
 8    -0.200     0.050    -0.980
 8    -0.430     0.890     0.140
 8     0.880     0.450    -0.160
 9   128.427   -32.164    52.040
 9     0.350     0.110     0.930
 9     0.930     0.040    -0.350
 9    -0.070     0.990    -0.090
 2    96.839   -21.027    60.057
 2     0.090     0.990    -0.070
 2    -1.000     0.090    -0.040
 2    -0.030     0.080     1.000
 3   128.703    -3.486    -3.579
 3    -0.210     0.030    -0.980
 3    -0.060    -1.000    -0.020
 3    -0.980     0.050     0.210
 4   114.416    17.560   -10.953
 4     0.540     0.770     0.330
 4    -0.810     0.360     0.470
 4     0.250    -0.530     0.810
 5   112.662    22.956    22.291
 5    -0.160    -0.170    -0.970
 5     0.590     0.780    -0.240
 5     0.790    -0.610    -0.020
 6   130.363    29.999    49.846
 6     0.460     0.040     0.890
 6    -0.880     0.080     0.460
 6    -0.050    -1.000     0.070
 7   113.508   -24.966    -9.781
 7     0.570    -0.730     0.380
 7     0.740     0.250    -0.620
 7     0.360     0.630     0.690
 8   112.338   -27.844    25.083
 8    -0.210     0.050    -0.980
 8    -0.430     0.890     0.140
 8     0.880     0.450    -0.160
 9   128.542   -32.264    51.973
 9     0.350     0.110     0.930
 9     0.930     0.040    -0.350
 9    -0.080     0.990    -0.090
 2    96.839   -21.027    60.057
 2     0.090     0.990    -0.070
 2    -1.000     0.090    -0.040
 2    -0.030     0.080     1.000
 3   128.650    -3.437    -3.531
 3    -0.210     0.030    -0.980
 3    -0.060    -1.000    -0.020
 3    -0.980     0.050     0.210
 4   114.416    17.560   -10.953
 4     0.540     0.770     0.330
 4    -0.810     0.360     0.470
 4     0.250    -0.530     0.810
 5   112.613    22.909    22.292
 5    -0.160    -0.170    -0.970
 5     0.590     0.780    -0.240
 5     0.790    -0.610    -0.020
 6   130.363    29.999    49.846
 6     0.460     0.040     0.880
 6    -0.880     0.080     0.460
 6    -0.050    -1.000     0.070
 7   113.509   -25.014    -9.781
 7     0.570    -0.730     0.380
 7     0.740     0.250    -0.620
 7     0.360     0.630     0.690
 8   112.343   -27.795    25.122
 8    -0.200     0.050    -0.980
 8    -0.430     0.890     0.140
 8     0.880     0.450    -0.160
 9   128.591   -32.265    51.928
 9     0.350     0.110     0.930
 9     0.930     0.050    -0.350
 9    -0.080     0.990    -0.090
 2    96.839   -21.027    60.057
 2     0.090     0.990    -0.070
 2    -1.000     0.090    -0.040
 2    -0.030     0.080     1.000
 3   128.651    -3.437    -3.487
 3    -0.210     0.030    -0.980
 3    -0.060    -1.000    -0.020
 3    -0.980     0.050     0.210
 4   114.365    17.654   -10.953
 4     0.540     0.770     0.340
 4    -0.810     0.360     0.470
 4     0.250    -0.530     0.810
 5   112.612    22.957    22.286
 5    -0.160    -0.170    -0.970
 5     0.580     0.780    -0.240
 5     0.790    -0.610    -0.030
 6   130.308    29.998    49.849
 6     0.460     0.040     0.880
 6    -0.880     0.080     0.460
 6    -0.050    -1.000     0.070
 7   113.509   -24.966    -9.825
 7     0.570    -0.730     0.380
 7     0.740     0.250    -0.620
 7     0.360     0.630     0.690
 8   112.337   -27.796    25.083
 8    -0.210     0.050    -0.980
 8    -0.430     0.890     0.140
 8     0.880     0.450    -0.160
 9   128.602   -32.216    51.952
 9     0.350     0.110     0.930
 9     0.930     0.050    -0.350
 9    -0.090     0.990    -0.090
 2    96.839   -21.027    60.057
 2     0.090     0.990    -0.070
 2    -1.000     0.090    -0.040
 2    -0.030     0.080     1.000
 3   128.650    -3.437    -3.531
 3    -0.210     0.030    -0.980
 3    -0.060    -1.000    -0.020
 3    -0.980     0.050     0.210
 4   114.416    17.608   -10.953
 4     0.540     0.770     0.340
 4    -0.810     0.360     0.470
 4     0.250    -0.530     0.810
 5   112.611    22.909    22.287
 5    -0.160    -0.170    -0.970
 5     0.580     0.780    -0.240
 5     0.790    -0.610    -0.030
 6   130.367    29.998    49.889
 6     0.460     0.040     0.880
 6    -0.880     0.080     0.460
 6    -0.050    -1.000     0.070
 7   113.558   -24.920    -9.825
 7     0.570    -0.730     0.380
 7     0.740     0.250    -0.620
 7     0.360     0.630     0.690
 8   112.385   -27.798    25.084
 8    -0.210     0.050    -0.980
 8    -0.430     0.890     0.140
 8     0.880     0.450    -0.160
 9   128.601   -32.219    51.954
 9     0.340     0.110     0.930
 9     0.930     0.050    -0.350
 9    -0.090     0.990    -0.090
 2    96.842   -21.027    60.101
 2     0.090     0.990    -0.080
 2    -1.000     0.090    -0.040
 2    -0.030     0.080     1.000
 3   128.601    -3.386    -3.491
 3    -0.200     0.030    -0.980
 3    -0.060    -1.000    -0.020
 3    -0.980     0.050     0.210
 4   114.365    17.654   -10.953
 4     0.540     0.770     0.340
 4    -0.810     0.360     0.470
 4     0.250    -0.530     0.810
 5   112.612    22.909    22.331
 5    -0.160    -0.170    -0.970
 5     0.580     0.780    -0.240
 5     0.790    -0.610    -0.030
 6   130.258    29.950    49.897
 6     0.460     0.040     0.890
 6    -0.880     0.070     0.460
 6    -0.050    -1.000     0.070
 7   113.458   -24.916    -9.781
 7     0.570    -0.730     0.380
 7     0.740     0.250    -0.620
 7     0.360     0.630     0.690
 8   112.334   -27.654    25.084
 8    -0.210     0.050    -0.980
 8    -0.430     0.890     0.140
 8     0.880     0.450    -0.160
 9   128.545   -32.217    52.017
 9     0.350     0.110     0.930
 9     0.930     0.050    -0.350
 9    -0.080     0.990    -0.090
 2    96.839   -21.027    60.057
 2     0.090     0.990    -0.070
 2    -1.000     0.090    -0.040
 2    -0.030     0.080     1.000
 3   128.656    -3.437    -3.405
 3    -0.200     0.030    -0.980
 3    -0.060    -1.000    -0.020
 3    -0.980     0.050     0.200
 4   114.370    17.614   -10.966
 4     0.540     0.770     0.340
 4    -0.810     0.360     0.470
 4     0.240    -0.530     0.810
 5   112.604    22.850    22.307
 5    -0.160    -0.170    -0.970
 5     0.580     0.780    -0.240
 5     0.800    -0.610    -0.030
