% Calibrated with leiden_pols
% Positions are in centimeters
Data =[
 2    96.750   -21.161    60.178
 2    -0.030     1.000    -0.090
 2    -1.000    -0.030    -0.030
 2    -0.030     0.090     1.000
 3   132.409    -2.223    -2.788
 3    -0.140     0.040    -0.990
 3    -0.030    -1.000    -0.030
 3    -0.990     0.030     0.140
 4   117.712    18.081   -11.253
 4     0.410     0.810     0.420
 4    -0.900     0.280     0.330
 4     0.150    -0.520     0.840
 5   108.871    22.315    21.673
 5    -0.030    -0.210    -0.980
 5     0.390     0.900    -0.200
 5     0.920    -0.390     0.060
 6   140.191    26.819    29.439
 6     0.990    -0.100    -0.010
 6     0.010     0.030     1.000
 6    -0.100    -0.990     0.030
 7   116.939   -23.323   -11.421
 7     0.450    -0.790     0.420
 7     0.840     0.220    -0.500
 7     0.300     0.580     0.760
 8   107.579   -27.203    21.201
 8    -0.010     0.220    -0.980
 8    -0.200     0.960     0.210
 8     0.980     0.200     0.030
 9   139.518   -27.790    28.503
 9     0.960     0.280    -0.060
 9     0.030    -0.300    -0.950
 9    -0.280     0.910    -0.300
 2    96.750   -21.161    60.178
 2    -0.030     1.000    -0.090
 2    -1.000    -0.030    -0.030
 2    -0.030     0.090     1.000
 3   132.356    -2.272    -2.783
 3    -0.140     0.040    -0.990
 3    -0.030    -1.000    -0.030
 3    -0.990     0.030     0.140
 4   117.713    18.081   -11.297
 4     0.410     0.810     0.420
 4    -0.900     0.290     0.340
 4     0.150    -0.520     0.840
 5   108.870    22.315    21.628
 5    -0.030    -0.210    -0.980
 5     0.400     0.900    -0.200
 5     0.920    -0.390     0.060
 6   140.191    26.819    29.439
 6     0.990    -0.100    -0.010
 6     0.010     0.030     1.000
 6    -0.100    -0.990     0.030
 7   116.939   -23.323   -11.421
 7     0.450    -0.790     0.420
 7     0.840     0.220    -0.500
 7     0.300     0.580     0.760
 8   107.533   -27.248    21.245
 8    -0.010     0.220    -0.980
 8    -0.200     0.960     0.210
 8     0.980     0.200     0.030
 9   139.414   -27.788    28.594
 9     0.960     0.280    -0.060
 9     0.030    -0.300    -0.950
 9    -0.280     0.910    -0.300
 2    96.750   -21.161    60.178
 2    -0.030     1.000    -0.090
 2    -1.000    -0.030    -0.030
 2    -0.030     0.090     1.000
 3   132.356    -2.272    -2.828
 3    -0.140     0.030    -0.990
 3    -0.030    -1.000    -0.030
 3    -0.990     0.030     0.140
 4   117.665    18.082   -11.298
 4     0.420     0.810     0.420
 4    -0.900     0.290     0.340
 4     0.150    -0.520     0.840
 5   108.919    22.315    21.628
 5    -0.030    -0.210    -0.980
 5     0.400     0.900    -0.200
 5     0.920    -0.390     0.060
 6   140.244    26.819    29.392
 6     0.990    -0.100    -0.010
 6     0.010     0.030     1.000
 6    -0.100    -0.990     0.030
 7   116.883   -23.324   -11.404
 7     0.450    -0.790     0.420
 7     0.840     0.220    -0.500
 7     0.310     0.580     0.760
 8   107.533   -27.248    21.245
 8    -0.010     0.220    -0.980
 8    -0.200     0.960     0.210
 8     0.980     0.200     0.030
 9   139.415   -27.836    28.594
 9     0.960     0.280    -0.060
 9     0.030    -0.300    -0.950
 9    -0.280     0.910    -0.300
 2    96.750   -21.161    60.178
 2    -0.030     1.000    -0.090
 2    -1.000    -0.030    -0.030
 2    -0.030     0.090     1.000
 3   132.356    -2.272    -2.828
 3    -0.140     0.030    -0.990
 3    -0.030    -1.000    -0.030
 3    -0.990     0.030     0.140
 4   117.665    18.082   -11.298
 4     0.420     0.810     0.420
 4    -0.900     0.290     0.340
 4     0.150    -0.520     0.840
 5   108.919    22.315    21.629
 5    -0.030    -0.210    -0.980
 5     0.390     0.900    -0.210
 5     0.920    -0.390     0.060
 6   140.190    26.818    29.396
 6     0.990    -0.100    -0.010
 6     0.020     0.030     1.000
 6    -0.100    -0.990     0.030
 7   116.884   -23.420   -11.404
 7     0.450    -0.790     0.420
 7     0.840     0.220    -0.500
 7     0.310     0.580     0.760
 8   107.533   -27.248    21.245
 8    -0.010     0.220    -0.980
 8    -0.200     0.960     0.210
 8     0.980     0.200     0.030
 9   139.467   -27.741    28.592
 9     0.960     0.280    -0.060
 9     0.030    -0.310    -0.950
 9    -0.280     0.910    -0.300
 2    96.795   -21.161    60.131
 2    -0.030     1.000    -0.090
 2    -1.000    -0.030    -0.030
 2    -0.030     0.090     1.000
 3   132.356    -2.319    -2.827
 3    -0.140     0.030    -0.990
 3    -0.030    -1.000    -0.030
 3    -0.990     0.030     0.140
 4   117.664    18.035   -11.297
 4     0.420     0.810     0.420
 4    -0.900     0.290     0.340
 4     0.150    -0.520     0.840
 5   108.918    22.315    21.584
 5    -0.030    -0.210    -0.980
 5     0.400     0.900    -0.210
 5     0.920    -0.390     0.060
 6   140.192    26.817    29.439
 6     0.990    -0.100    -0.010
 6     0.020     0.030     1.000
 6    -0.100    -0.990     0.030
 7   116.834   -23.418   -11.404
 7     0.450    -0.790     0.420
 7     0.840     0.220    -0.500
 7     0.310     0.580     0.760
 8   107.578   -27.629    21.165
 8    -0.020     0.220    -0.980
 8    -0.220     0.950     0.220
 8     0.980     0.210     0.030
 9   139.476   -27.787    28.481
 9     0.960     0.290    -0.060
 9     0.040    -0.300    -0.950
 9    -0.290     0.910    -0.300
 2    96.750   -21.161    60.178
 2    -0.030     1.000    -0.090
 2    -1.000    -0.030    -0.030
 2    -0.030     0.090     1.000
 3   132.356    -2.272    -2.828
 3    -0.140     0.030    -0.990
 3    -0.030    -1.000    -0.030
 3    -0.990     0.030     0.140
 4   117.613    18.035   -11.296
 4     0.420     0.810     0.420
 4    -0.900     0.290     0.340
 4     0.150    -0.520     0.840
 5   108.928    22.710    21.594
 5    -0.030    -0.210    -0.980
 5     0.420     0.880    -0.210
 5     0.910    -0.410     0.060
 6   140.428    26.264    29.247
 6     0.990    -0.130    -0.010
 6     0.020     0.030     1.000
 6    -0.130    -0.990     0.030
 7   116.835   -23.466   -11.404
 7     0.450    -0.790     0.420
 7     0.840     0.220    -0.500
 7     0.310     0.580     0.760
 8   107.587   -27.663    21.081
 8    -0.020     0.220    -0.980
 8    -0.230     0.950     0.220
 8     0.970     0.230     0.030
 9   139.492   -27.389    28.433
 9     0.950     0.310    -0.050
 9     0.040    -0.300    -0.950
 9    -0.310     0.900    -0.300
 2    96.749   -21.114    60.178
 2    -0.030     1.000    -0.090
 2    -1.000    -0.030    -0.030
 2    -0.030     0.090     1.000
 3   132.357    -2.368    -2.827
 3    -0.140     0.040    -0.990
 3    -0.030    -1.000    -0.030
 3    -0.990     0.030     0.140
 4   117.664    18.035   -11.297
 4     0.420     0.810     0.420
 4    -0.900     0.290     0.340
 4     0.150    -0.520     0.840
 5   109.037    23.121    21.369
 5    -0.030    -0.220    -0.980
 5     0.450     0.870    -0.210
 5     0.890    -0.440     0.070
 6   140.517    25.767    29.084
 6     0.990    -0.170    -0.010
 6     0.020     0.030     1.000
 6    -0.170    -0.990     0.030
 7   116.783   -23.415   -11.404
 7     0.450    -0.790     0.420
 7     0.840     0.220    -0.500
 7     0.310     0.580     0.760
 8   107.538   -27.943    20.991
 8    -0.020     0.220    -0.980
 8    -0.250     0.940     0.220
 8     0.970     0.240     0.040
 9   139.399   -27.046    28.631
 9     0.940     0.320    -0.050
 9     0.050    -0.300    -0.950
 9    -0.320     0.900    -0.300
 2    96.799   -21.162    60.175
 2    -0.030     1.000    -0.090
 2    -1.000    -0.030    -0.030
 2    -0.030     0.090     1.000
 3   132.302    -2.368    -2.823
 3    -0.140     0.040    -0.990
 3    -0.030    -1.000    -0.030
 3    -0.990     0.030     0.140
 4   117.766    18.035   -11.300
 4     0.420     0.800     0.420
 4    -0.900     0.290     0.340
 4     0.150    -0.520     0.840
 5   109.289    23.653    21.298
 5    -0.030    -0.220    -0.970
 5     0.480     0.850    -0.210
 5     0.880    -0.470     0.080
