% Calibrated with leiden_pols
% Positions are in centimeters
Data =[
 2    96.797   -21.114    60.175
 2    -0.030     1.000    -0.090
 2    -1.000    -0.030    -0.030
 2    -0.030     0.090     1.000
 3   132.008     1.074    -2.385
 3    -0.110     0.170    -0.980
 3     0.110    -0.980    -0.180
 3    -0.990    -0.130     0.090
 4   116.613    19.970   -11.059
 4     0.390     0.830     0.400
 4    -0.900     0.230     0.380
 4     0.220    -0.500     0.830
 5   104.110    31.289    16.054
 5     0.270    -0.340    -0.900
 5     0.730     0.680    -0.040
 5     0.620    -0.650     0.440
 6   111.168    38.065    48.619
 6     0.180     0.020     0.980
 6    -0.950     0.250     0.170
 6    -0.250    -0.970     0.060
 7   123.878   -21.161   -12.965
 7     0.670    -0.650     0.360
 7     0.730     0.480    -0.490
 7     0.140     0.590     0.800
 8   113.007   -33.680    16.517
 8     0.230     0.260    -0.940
 8    -0.830     0.560    -0.050
 8     0.510     0.790     0.340
 9   117.128   -38.652    48.013
 9    -0.080     0.050     1.000
 9     0.930     0.370     0.050
 9    -0.370     0.930    -0.080
 2    96.797   -21.114    60.175
 2    -0.030     1.000    -0.090
 2    -1.000    -0.030    -0.030
 2    -0.030     0.090     1.000
 3   132.012     0.974    -2.424
 3    -0.110     0.170    -0.980
 3     0.110    -0.980    -0.180
 3    -0.990    -0.120     0.090
 4   116.664    19.923   -11.013
 4     0.390     0.830     0.400
 4    -0.900     0.230     0.380
 4     0.220    -0.500     0.840
 5   104.207    30.960    16.186
 5     0.270    -0.330    -0.900
 5     0.740     0.670    -0.020
 5     0.620    -0.660     0.430
 6   110.957    37.232    49.012
 6     0.150     0.000     0.990
 6    -0.950     0.280     0.140
 6    -0.280    -0.960     0.050
 7   123.456   -21.343   -12.720
 7     0.660    -0.660     0.360
 7     0.730     0.470    -0.490
 7     0.150     0.590     0.790
 8   112.459   -33.283    16.990
 8     0.230     0.240    -0.940
 8    -0.810     0.580    -0.050
 8     0.530     0.780     0.330
 9   116.763   -38.113    48.414
 9    -0.070     0.060     1.000
 9     0.930     0.350     0.040
 9    -0.350     0.930    -0.080
 2    96.749   -21.114    60.178
 2    -0.030     1.000    -0.090
 2    -1.000    -0.030    -0.030
 2    -0.030     0.090     1.000
 3   132.169     0.743    -2.351
 3    -0.100     0.160    -0.980
 3     0.080    -0.980    -0.170
 3    -0.990    -0.100     0.090
 4   117.484    20.212   -11.081
 4     0.410     0.820     0.390
 4    -0.890     0.250     0.390
 4     0.220    -0.500     0.840
 5   104.991    30.709    16.399
 5     0.280    -0.310    -0.910
 5     0.750     0.660     0.010
 5     0.590    -0.690     0.420
 6   111.177    36.439    49.359
 6     0.140    -0.010     0.990
 6    -0.950     0.270     0.130
 6    -0.270    -0.960     0.030
 7   123.028   -21.433   -12.588
 7     0.650    -0.670     0.360
 7     0.740     0.450    -0.500
 7     0.170     0.590     0.790
 8   112.236   -32.429    17.343
 8     0.230     0.240    -0.940
 8    -0.790     0.610    -0.040
 8     0.560     0.760     0.330
 9   116.737   -37.250    48.889
 9    -0.050     0.080     1.000
 9     0.950     0.300     0.020
 9    -0.300     0.950    -0.090
 2    96.797   -21.114    60.175
 2    -0.030     1.000    -0.090
 2    -1.000    -0.030    -0.030
 2    -0.030     0.090     1.000
 3   132.663     0.804    -2.262
 3    -0.090     0.160    -0.980
 3     0.060    -0.980    -0.160
 3    -0.990    -0.070     0.080
 4   118.622    20.800   -11.012
 4     0.430     0.810     0.400
 4    -0.880     0.280     0.380
 4     0.200    -0.510     0.830
 5   105.916    30.613    16.747
 5     0.290    -0.290    -0.910
 5     0.750     0.670     0.020
 5     0.600    -0.690     0.410
 6   111.821    35.849    49.710
 6     0.130    -0.030     0.990
 6    -0.950     0.270     0.130
 6    -0.270    -0.960     0.010
 7   123.062   -21.109   -12.327
 7     0.630    -0.690     0.360
 7     0.750     0.420    -0.510
 7     0.190     0.590     0.780
 8   111.799   -31.618    17.520
 8     0.230     0.220    -0.950
 8    -0.760     0.650    -0.030
 8     0.620     0.720     0.320
 9   116.738   -36.375    49.009
 9    -0.020     0.090     1.000
 9     0.970     0.250    -0.000
 9    -0.250     0.960    -0.090
 2    96.749   -21.114    60.178
 2    -0.030     1.000    -0.090
 2    -1.000    -0.030    -0.030
 2    -0.030     0.090     1.000
 3   132.889     0.599    -2.575
 3    -0.090     0.150    -0.980
 3     0.050    -0.990    -0.150
 3    -1.000    -0.060     0.080
 4   118.829    20.517   -11.106
 4     0.440     0.810     0.390
 4    -0.870     0.290     0.390
 4     0.200    -0.520     0.830
 5   106.750    30.436    16.903
 5     0.270    -0.300    -0.920
 5     0.760     0.650     0.010
 5     0.590    -0.700     0.400
 6   113.637    35.468    49.762
 6     0.150    -0.030     0.990
 6    -0.950     0.280     0.150
 6    -0.280    -0.960     0.020
 7   122.800   -21.488   -12.262
 7     0.630    -0.690     0.360
 7     0.750     0.420    -0.510
 7     0.200     0.590     0.780
 8   111.762   -31.763    17.829
 8     0.220     0.210    -0.950
 8    -0.750     0.660    -0.030
 8     0.620     0.720     0.300
 9   117.109   -36.060    49.272
 9    -0.010     0.100     0.990
 9     0.970     0.240    -0.010
 9    -0.240     0.970    -0.100
 2    96.749   -21.114    60.178
 2    -0.030     1.000    -0.090
 2    -1.000    -0.030    -0.030
 2    -0.030     0.090     1.000
 3   132.600     0.318    -2.325
 3    -0.090     0.140    -0.990
 3     0.040    -0.990    -0.140
 3    -0.990    -0.050     0.080
 4   118.519    20.084   -11.214
 4     0.450     0.810     0.380
 4    -0.870     0.300     0.400
 4     0.210    -0.510     0.830
 5   106.942    30.437    16.768
 5     0.260    -0.300    -0.920
 5     0.770     0.640     0.000
 5     0.590    -0.700     0.390
 6   114.049    35.671    49.590
 6     0.160    -0.020     0.990
 6    -0.940     0.290     0.160
 6    -0.290    -0.960     0.020
 7   122.228   -21.903   -11.973
 7     0.630    -0.690     0.360
 7     0.750     0.410    -0.530
 7     0.210     0.600     0.770
 8   111.419   -31.707    18.111
 8     0.210     0.200    -0.960
 8    -0.750     0.660    -0.030
 8     0.630     0.720     0.290
 9   117.070   -35.822    49.492
 9    -0.000     0.100     0.990
 9     0.970     0.240    -0.020
 9    -0.240     0.970    -0.100
 2    96.797   -21.114    60.175
 2    -0.030     1.000    -0.090
 2    -1.000    -0.030    -0.030
 2    -0.030     0.090     1.000
 3   132.380    -0.275    -2.446
 3    -0.100     0.120    -0.990
 3     0.020    -0.990    -0.120
 3    -0.990    -0.030     0.100
 4   118.423    19.896   -11.300
 4     0.460     0.800     0.370
 4    -0.860     0.310     0.400
 4     0.210    -0.510     0.840
 5   106.895    30.396    16.674
 5     0.250    -0.300    -0.920
 5     0.780     0.630     0.010
 5     0.580    -0.710     0.400
 6   113.810    35.449    49.538
 6     0.150    -0.030     0.990
 6    -0.940     0.320     0.150
 6    -0.320    -0.950     0.020
 7   121.551   -22.316   -11.843
 7     0.620    -0.700     0.360
 7     0.750     0.390    -0.540
 7     0.230     0.600     0.760
 8   110.736   -31.731    18.357
 8     0.220     0.190    -0.960
 8    -0.730     0.680    -0.030
 8     0.650     0.710     0.290
 9   116.295   -35.843    49.728
 9     0.000     0.110     0.990
 9     0.980     0.220    -0.030
 9    -0.220     0.970    -0.110
 2    96.797   -21.114    60.175
 2    -0.030     1.000    -0.090
 2    -1.000    -0.030    -0.030
 2    -0.030     0.090     1.000
 3   132.103    -0.440    -2.655
 3    -0.110     0.110    -0.990
 3     0.010    -0.990    -0.110
 3    -0.990    -0.020     0.110
 4   118.172    19.897   -11.342
 4     0.470     0.800     0.360
 4    -0.860     0.310     0.410
 4     0.210    -0.510     0.840
 5   106.606    30.365    16.517
 5     0.260    -0.300    -0.920
 5     0.790     0.620     0.020
 5     0.560    -0.730     0.400
