% Calibrated with leiden_pols
% Positions are in centimeters
Data =[
 2    96.984   -21.010    60.035
 2     0.380     0.920    -0.050
 2    -0.920     0.380    -0.050
 2    -0.030     0.070     1.000
 3   130.588    -1.291    -1.994
 3    -0.120     0.080    -0.990
 3    -0.050    -1.000    -0.080
 3    -0.990     0.040     0.120
 4   116.632    18.881   -11.620
 4     0.530     0.780     0.340
 4    -0.830     0.390     0.400
 4     0.180    -0.500     0.850
 5   114.347    25.143    21.318
 5    -0.150    -0.180    -0.970
 5     0.650     0.720    -0.230
 5     0.740    -0.670     0.010
 6   133.723    29.582    48.634
 6     0.490    -0.060     0.870
 6    -0.840     0.220     0.490
 6    -0.220    -0.970     0.050
 7   116.634   -22.674   -10.887
 7     0.570    -0.720     0.390
 7     0.770     0.320    -0.550
 7     0.280     0.610     0.740
 8   113.340   -27.551    23.881
 8    -0.160     0.140    -0.980
 8    -0.390     0.900     0.200
 8     0.910     0.410    -0.090
 9   133.984   -31.667    49.659
 9     0.500     0.150     0.850
 9     0.860     0.030    -0.510
 9    -0.110     0.990    -0.120
 2    97.032   -21.011    60.033
 2     0.380     0.920    -0.050
 2    -0.920     0.380    -0.050
 2    -0.030     0.070     1.000
 3   130.641    -1.339    -1.998
 3    -0.120     0.080    -0.990
 3    -0.050    -1.000    -0.080
 3    -0.990     0.040     0.120
 4   116.632    18.833   -11.620
 4     0.530     0.780     0.340
 4    -0.830     0.390     0.400
 4     0.180    -0.500     0.850
 5   114.347    25.096    21.363
 5    -0.150    -0.180    -0.970
 5     0.650     0.720    -0.230
 5     0.740    -0.670     0.010
 6   133.716    29.486    48.593
 6     0.490    -0.070     0.870
 6    -0.840     0.220     0.490
 6    -0.220    -0.970     0.050
 7   116.584   -22.720   -10.932
 7     0.570    -0.720     0.390
 7     0.770     0.320    -0.550
 7     0.280     0.610     0.740
 8   113.340   -27.599    23.837
 8    -0.160     0.140    -0.980
 8    -0.390     0.900     0.200
 8     0.910     0.410    -0.090
 9   133.929   -31.665    49.661
 9     0.500     0.150     0.850
 9     0.860     0.030    -0.510
 9    -0.110     0.990    -0.120
 2    96.980   -21.010    59.991
 2     0.380     0.920    -0.050
 2    -0.920     0.380    -0.050
 2    -0.030     0.070     1.000
 3   130.640    -1.334    -2.088
 3    -0.120     0.080    -0.990
 3    -0.050    -1.000    -0.080
 3    -0.990     0.040     0.130
 4   116.683    18.881   -11.621
 4     0.530     0.780     0.340
 4    -0.830     0.390     0.400
 4     0.180    -0.500     0.850
 5   114.395    25.096    21.318
 5    -0.150    -0.180    -0.970
 5     0.650     0.720    -0.230
 5     0.740    -0.670     0.010
 6   133.723    29.582    48.634
 6     0.490    -0.060     0.870
 6    -0.840     0.220     0.490
 6    -0.220    -0.970     0.050
 7   116.635   -22.722   -10.932
 7     0.570    -0.720     0.390
 7     0.770     0.320    -0.550
 7     0.280     0.610     0.740
 8   113.340   -27.599    23.837
 8    -0.160     0.140    -0.980
 8    -0.390     0.900     0.200
 8     0.910     0.410    -0.090
 9   133.915   -31.665    49.638
 9     0.500     0.150     0.850
 9     0.860     0.030    -0.510
 9    -0.100     0.990    -0.120
 2    97.032   -21.011    60.033
 2     0.380     0.920    -0.050
 2    -0.920     0.380    -0.050
 2    -0.030     0.070     1.000
 3   130.641    -1.334    -2.044
 3    -0.120     0.080    -0.990
 3    -0.050    -1.000    -0.080
 3    -0.990     0.040     0.130
 4   116.735    18.881   -11.620
 4     0.530     0.780     0.340
 4    -0.830     0.390     0.400
 4     0.180    -0.490     0.850
 5   114.395    25.143    21.273
 5    -0.150    -0.180    -0.970
 5     0.650     0.720    -0.230
 5     0.740    -0.670     0.010
 6   133.782    29.582    48.674
 6     0.490    -0.070     0.870
 6    -0.840     0.220     0.490
 6    -0.220    -0.970     0.050
 7   116.635   -22.770   -10.932
 7     0.570    -0.720     0.390
 7     0.770     0.320    -0.550
 7     0.280     0.610     0.740
 8   113.341   -27.645    23.837
 8    -0.160     0.140    -0.980
 8    -0.390     0.900     0.200
 8     0.910     0.410    -0.090
 9   133.925   -31.663    49.618
 9     0.500     0.150     0.850
 9     0.860     0.030    -0.510
 9    -0.110     0.990    -0.120
 2    97.032   -21.011    60.033
 2     0.380     0.920    -0.060
 2    -0.920     0.380    -0.050
 2    -0.030     0.070     1.000
 3   130.640    -1.334    -2.088
 3    -0.120     0.080    -0.990
 3    -0.050    -1.000    -0.080
 3    -0.990     0.040     0.130
 4   116.736    18.833   -11.663
 4     0.530     0.780     0.340
 4    -0.830     0.390     0.400
 4     0.180    -0.490     0.850
 5   114.394    25.097    21.274
 5    -0.150    -0.180    -0.970
 5     0.650     0.720    -0.230
 5     0.740    -0.670     0.010
 6   133.790    29.590    48.613
 6     0.490    -0.060     0.870
 6    -0.840     0.220     0.490
 6    -0.230    -0.970     0.050
 7   116.686   -22.772   -10.932
 7     0.570    -0.720     0.390
 7     0.770     0.320    -0.550
 7     0.280     0.610     0.740
 8   113.390   -27.647    23.838
 8    -0.160     0.140    -0.980
 8    -0.390     0.900     0.200
 8     0.910     0.410    -0.090
 9   133.985   -31.715    49.659
 9     0.500     0.150     0.850
 9     0.860     0.030    -0.510
 9    -0.110     0.990    -0.120
 2    97.032   -21.011    60.033
 2     0.380     0.920    -0.050
 2    -0.920     0.380    -0.050
 2    -0.030     0.070     1.000
 3   130.749    -1.334    -2.096
 3    -0.120     0.080    -0.990
 3    -0.050    -1.000    -0.080
 3    -0.990     0.040     0.130
 4   116.787    18.833   -11.709
 4     0.530     0.780     0.340
 4    -0.830     0.390     0.400
 4     0.180    -0.490     0.850
 5   114.441    25.102    21.010
 5    -0.140    -0.190    -0.970
 5     0.660     0.720    -0.230
 5     0.740    -0.670     0.020
 6   133.789    29.542    48.614
 6     0.490    -0.070     0.870
 6    -0.840     0.220     0.490
 6    -0.230    -0.970     0.050
 7   116.686   -22.772   -10.932
 7     0.570    -0.720     0.390
 7     0.770     0.320    -0.550
 7     0.280     0.610     0.740
 8   113.341   -27.784    23.656
 8    -0.150     0.150    -0.980
 8    -0.390     0.900     0.200
 8     0.910     0.410    -0.080
 9   133.921   -31.764    49.681
 9     0.500     0.150     0.850
 9     0.860     0.030    -0.510
 9    -0.100     0.990    -0.120
 2    97.028   -21.011    59.989
 2     0.380     0.920    -0.050
 2    -0.920     0.380    -0.050
 2    -0.030     0.070     1.000
 3   130.803    -1.388    -2.098
 3    -0.120     0.080    -0.990
 3    -0.050    -1.000    -0.080
 3    -0.990     0.040     0.120
 4   117.047    18.746   -11.816
 4     0.530     0.780     0.340
 4    -0.830     0.400     0.390
 4     0.170    -0.490     0.850
 5   114.201    25.536    20.877
 5    -0.110    -0.200    -0.970
 5     0.660     0.710    -0.220
 5     0.740    -0.670     0.050
 6   133.465    29.733    48.633
 6     0.480    -0.070     0.870
 6    -0.840     0.230     0.480
 6    -0.230    -0.970     0.050
 7   116.842   -22.726   -10.949
 7     0.570    -0.720     0.390
 7     0.770     0.320    -0.550
 7     0.270     0.610     0.740
 8   113.196   -27.916    23.517
 8    -0.140     0.150    -0.980
 8    -0.390     0.900     0.200
 8     0.910     0.410    -0.070
 9   133.869   -31.811    49.683
 9     0.500     0.150     0.850
 9     0.860     0.030    -0.510
 9    -0.100     0.990    -0.120
 2    97.032   -21.011    60.033
 2     0.380     0.920    -0.050
 2    -0.920     0.380    -0.050
 2    -0.030     0.070     1.000
 3   131.057    -1.541    -2.003
 3    -0.110     0.080    -0.990
 3    -0.040    -1.000    -0.070
 3    -0.990     0.040     0.120
 4   117.206    18.610   -11.875
 4     0.530     0.780     0.340
 4    -0.830     0.400     0.380
 4     0.160    -0.490     0.860
 5   113.661    25.652    20.605
 5    -0.090    -0.210    -0.970
 5     0.680     0.710    -0.210
 5     0.730    -0.680     0.080
