% Calibrated with leiden_pols
% Positions are in centimeters
Data =[
 2    83.082    -4.156    58.942
 2     0.620     0.780    -0.070
 2    -0.790     0.620    -0.030
 2     0.020     0.070     1.000
 3   121.779    -0.730    -6.075
 3    -0.230    -0.230    -0.950
 3     0.350    -0.930     0.140
 3    -0.910    -0.300     0.290
 4   106.051    15.406   -11.355
 4     0.380     0.920    -0.080
 4    -0.820     0.380     0.430
 4     0.430    -0.100     0.900
 5   102.414    41.267    -0.828
 5    -0.190    -0.980     0.010
 5    -0.060     0.000    -1.000
 5     0.980    -0.190    -0.060
 6   134.817    49.062    -7.240
 6     1.000     0.000     0.040
 6    -0.010     1.000     0.040
 6    -0.040    -0.040     1.000
 7   107.654   -17.693   -12.893
 7     0.520    -0.850    -0.080
 7     0.810     0.520    -0.280
 7     0.280     0.080     0.960
 8   102.810   -45.061    -2.287
 8    -0.210     0.970    -0.070
 8    -0.160     0.040     0.990
 8     0.960     0.220     0.150
 9   135.542   -50.602    -7.256
 9     0.990     0.110     0.010
 9    -0.110     0.990    -0.030
 9    -0.010     0.030     1.000
 2    83.084    -4.157    58.986
 2     0.620     0.780    -0.070
 2    -0.790     0.620    -0.030
 2     0.020     0.070     1.000
 3   121.832    -0.682    -6.078
 3    -0.230    -0.230    -0.950
 3     0.350    -0.930     0.140
 3    -0.910    -0.300     0.290
 4   106.003    15.406   -11.355
 4     0.380     0.920    -0.080
 4    -0.820     0.380     0.430
 4     0.430    -0.100     0.900
 5   102.461    41.314    -0.784
 5    -0.190    -0.980     0.010
 5    -0.060     0.000    -1.000
 5     0.980    -0.190    -0.060
 6   134.818    49.110    -7.197
 6     1.000     0.000     0.040
 6    -0.010     1.000     0.040
 6    -0.040    -0.040     1.000
 7   107.604   -17.691   -12.847
 7     0.520    -0.850    -0.080
 7     0.810     0.520    -0.280
 7     0.280     0.080     0.950
 8   102.762   -45.065    -2.218
 8    -0.210     0.970    -0.080
 8    -0.160     0.040     0.990
 8     0.970     0.220     0.150
 9   135.539   -50.554    -7.212
 9     0.990     0.110     0.010
 9    -0.110     0.990    -0.030
 9    -0.010     0.030     1.000
 2    83.084    -4.157    58.986
 2     0.620     0.780    -0.070
 2    -0.790     0.620    -0.030
 2     0.020     0.070     1.000
 3   121.780    -0.732    -6.028
 3    -0.230    -0.230    -0.950
 3     0.350    -0.930     0.140
 3    -0.910    -0.300     0.300
 4   106.051    15.406   -11.355
 4     0.380     0.920    -0.080
 4    -0.820     0.380     0.430
 4     0.430    -0.100     0.900
 5   102.508    41.315    -0.783
 5    -0.190    -0.980     0.010
 5    -0.060     0.000    -1.000
 5     0.980    -0.190    -0.060
 6   134.764    49.109    -7.195
 6     1.000     0.000     0.040
 6    -0.010     1.000     0.040
 6    -0.040    -0.040     1.000
 7   107.604   -17.691   -12.847
 7     0.520    -0.850    -0.080
 7     0.810     0.520    -0.290
 7     0.280     0.080     0.950
 8   102.765   -45.018    -2.221
 8    -0.210     0.970    -0.080
 8    -0.160     0.040     0.990
 8     0.970     0.220     0.140
 9   135.486   -50.599    -7.167
 9     0.990     0.110     0.010
 9    -0.110     0.990    -0.030
 9    -0.010     0.030     1.000
 2    83.085    -4.203    58.986
 2     0.620     0.780    -0.070
 2    -0.790     0.620    -0.030
 2     0.020     0.070     1.000
 3   121.780    -0.731    -6.073
 3    -0.230    -0.230    -0.950
 3     0.350    -0.930     0.140
 3    -0.910    -0.300     0.300
 4   106.002    15.453   -11.355
 4     0.380     0.920    -0.080
 4    -0.820     0.380     0.430
 4     0.430    -0.100     0.900
 5   102.509    41.317    -0.695
 5    -0.190    -0.980     0.010
 5    -0.060     0.010    -1.000
 5     0.980    -0.190    -0.060
 6   134.763    49.109    -7.151
 6     1.000     0.000     0.040
 6    -0.010     1.000     0.040
 6    -0.040    -0.040     1.000
 7   107.604   -17.691   -12.847
 7     0.520    -0.850    -0.080
 7     0.810     0.520    -0.290
 7     0.280     0.080     0.950
 8   102.761   -45.018    -2.218
 8    -0.210     0.970    -0.080
 8    -0.160     0.040     0.990
 8     0.970     0.220     0.150
 9   135.484   -50.551    -7.167
 9     0.990     0.110     0.010
 9    -0.110     0.990    -0.030
 9    -0.010     0.030     1.000
 2    83.083    -4.202    58.942
 2     0.620     0.780    -0.070
 2    -0.790     0.620    -0.030
 2     0.020     0.070     1.000
 3   121.780    -0.682    -6.074
 3    -0.230    -0.230    -0.950
 3     0.350    -0.930     0.140
 3    -0.910    -0.300     0.300
 4   106.002    15.453   -11.311
 4     0.380     0.920    -0.080
 4    -0.820     0.370     0.430
 4     0.430    -0.100     0.900
 5   102.461    41.316    -0.696
 5    -0.190    -0.980     0.010
 5    -0.060     0.010    -1.000
 5     0.980    -0.190    -0.060
 6   134.710    49.116    -6.996
 6     1.000     0.000     0.050
 6    -0.010     1.000     0.040
 6    -0.050    -0.050     1.000
 7   107.604   -17.691   -12.847
 7     0.520    -0.850    -0.080
 7     0.810     0.520    -0.290
 7     0.280     0.080     0.950
 8   102.761   -44.965    -2.198
 8    -0.210     0.970    -0.080
 8    -0.160     0.040     0.990
 8     0.960     0.220     0.150
 9   135.541   -50.602    -7.168
 9     0.990     0.110     0.010
 9    -0.110     0.990    -0.030
 9    -0.010     0.030     1.000
 2    83.082    -4.156    58.942
 2     0.620     0.780    -0.070
 2    -0.790     0.620    -0.030
 2     0.020     0.070     1.000
 3   121.729    -0.634    -6.071
 3    -0.230    -0.230    -0.950
 3     0.350    -0.930     0.140
 3    -0.910    -0.300     0.300
 4   106.002    15.499   -11.311
 4     0.380     0.920    -0.080
 4    -0.820     0.370     0.440
 4     0.430    -0.100     0.900
 5   102.414    41.315    -0.653
 5    -0.190    -0.980     0.000
 5    -0.060     0.010    -1.000
 5     0.980    -0.190    -0.060
 6   134.646    49.106    -7.018
 6     1.000     0.000     0.040
 6    -0.010     1.000     0.050
 6    -0.040    -0.050     1.000
 7   107.601   -17.695   -12.834
 7     0.520    -0.850    -0.080
 7     0.810     0.520    -0.290
 7     0.290     0.080     0.950
 8   102.800   -44.931    -2.029
 8    -0.210     0.970    -0.080
 8    -0.150     0.050     0.990
 8     0.970     0.220     0.140
 9   135.536   -50.505    -7.168
 9     0.990     0.110     0.010
 9    -0.110     0.990    -0.030
 9    -0.010     0.030     1.000
 2    83.082    -4.156    58.942
 2     0.620     0.780    -0.070
 2    -0.790     0.620    -0.030
 2     0.020     0.070     1.000
 3   121.729    -0.634    -6.071
 3    -0.230    -0.230    -0.950
 3     0.350    -0.930     0.140
 3    -0.910    -0.300     0.300
 4   105.903    15.541   -11.300
 4     0.380     0.920    -0.080
 4    -0.820     0.370     0.440
 4     0.440    -0.100     0.890
 5   102.387    41.474    -0.389
 5    -0.190    -0.980     0.000
 5    -0.070     0.010    -1.000
 5     0.980    -0.190    -0.070
 6   134.593    49.152    -6.973
 6     1.000     0.000     0.040
 6    -0.010     1.000     0.050
 6    -0.040    -0.050     1.000
 7   107.554   -17.693   -12.835
 7     0.520    -0.850    -0.080
 7     0.800     0.520    -0.290
 7     0.290     0.080     0.950
 8   102.883   -44.902    -1.470
 8    -0.210     0.970    -0.080
 8    -0.130     0.060     0.990
 8     0.970     0.220     0.120
 9   135.566   -50.517    -7.459
 9     0.990     0.110    -0.020
 9    -0.110     0.990    -0.040
 9     0.020     0.040     1.000
 2    83.128    -4.156    58.940
 2     0.620     0.780    -0.070
 2    -0.790     0.620    -0.030
 2     0.020     0.070     1.000
 3   121.652    -0.550    -6.107
 3    -0.240    -0.230    -0.940
 3     0.350    -0.930     0.140
 3    -0.900    -0.300     0.300
 4   105.803    15.539   -11.253
 4     0.370     0.920    -0.080
 4    -0.820     0.370     0.440
 4     0.440    -0.100     0.890
 5   102.366    41.544     0.151
 5    -0.190    -0.980    -0.000
 5    -0.110     0.030    -0.990
 5     0.980    -0.180    -0.110
