% Calibrated with leiden_pols
% Positions are in centimeters
Data =[
 2    83.129    -4.202    58.940
 2     0.620     0.780    -0.070
 2    -0.790     0.620    -0.030
 2     0.020     0.070     1.000
 3   121.008    -1.184    -5.585
 3    -0.340    -0.250    -0.910
 3     0.360    -0.920     0.120
 3    -0.870    -0.290     0.400
 4   108.728    18.691    -8.700
 4     0.490     0.860     0.140
 4    -0.810     0.390     0.430
 4     0.310    -0.330     0.890
 5   106.945    26.819    23.219
 5    -0.200    -0.400    -0.900
 5     0.330     0.830    -0.440
 5     0.920    -0.390    -0.040
 6   124.380    38.241    45.279
 6     0.420     0.150     0.900
 6    -0.890     0.250     0.370
 6    -0.170    -0.960     0.240
 7   110.046   -22.020   -10.051
 7     0.610    -0.790     0.080
 7     0.780     0.570    -0.270
 7     0.170     0.230     0.960
 8   107.932   -31.757    22.670
 8    -0.230     0.210    -0.950
 8    -0.520     0.800     0.300
 8     0.820     0.570    -0.070
 9   124.706   -39.635    47.172
 9     0.430    -0.050     0.900
 9     0.880     0.230    -0.410
 9    -0.180     0.970     0.140
 2    83.083    -4.202    58.942
 2     0.620     0.780    -0.070
 2    -0.790     0.620    -0.030
 2     0.020     0.070     1.000
 3   121.010    -1.134    -5.499
 3    -0.330    -0.250    -0.910
 3     0.360    -0.920     0.120
 3    -0.870    -0.290     0.400
 4   108.678    18.738    -8.700
 4     0.490     0.860     0.140
 4    -0.810     0.390     0.430
 4     0.310    -0.330     0.890
 5   106.896    26.866    23.217
 5    -0.200    -0.400    -0.890
 5     0.330     0.830    -0.450
 5     0.920    -0.380    -0.040
 6   124.324    38.288    45.239
 6     0.420     0.150     0.900
 6    -0.890     0.250     0.370
 6    -0.170    -0.960     0.240
 7   110.049   -22.017   -10.020
 7     0.610    -0.790     0.080
 7     0.780     0.570    -0.270
 7     0.160     0.230     0.960
 8   107.886   -31.802    22.669
 8    -0.230     0.210    -0.950
 8    -0.520     0.800     0.300
 8     0.820     0.560    -0.070
 9   124.649   -39.727    47.087
 9     0.430    -0.050     0.900
 9     0.880     0.220    -0.410
 9    -0.180     0.970     0.150
 2    83.083    -4.202    58.942
 2     0.620     0.780    -0.070
 2    -0.790     0.620    -0.030
 2     0.020     0.070     1.000
 3   120.957    -1.134    -5.496
 3    -0.330    -0.250    -0.910
 3     0.360    -0.920     0.120
 3    -0.870    -0.290     0.400
 4   108.728    18.691    -8.700
 4     0.490     0.860     0.140
 4    -0.810     0.390     0.430
 4     0.310    -0.330     0.890
 5   106.944    26.913    23.173
 5    -0.200    -0.400    -0.890
 5     0.330     0.830    -0.450
 5     0.920    -0.380    -0.040
 6   124.370    38.289    45.150
 6     0.420     0.150     0.890
 6    -0.890     0.250     0.370
 6    -0.170    -0.960     0.240
 7   110.049   -21.969   -10.065
 7     0.610    -0.790     0.080
 7     0.780     0.570    -0.270
 7     0.160     0.230     0.960
 8   107.885   -31.801    22.626
 8    -0.230     0.210    -0.950
 8    -0.520     0.800     0.300
 8     0.820     0.560    -0.070
 9   124.704   -39.826    47.084
 9     0.430    -0.060     0.900
 9     0.880     0.220    -0.410
 9    -0.180     0.970     0.150
 2    83.129    -4.202    58.940
 2     0.620     0.780    -0.070
 2    -0.790     0.620    -0.030
 2     0.020     0.070     1.000
 3   121.010    -1.134    -5.499
 3    -0.330    -0.250    -0.910
 3     0.360    -0.920     0.120
 3    -0.870    -0.290     0.400
 4   108.630    18.691    -8.742
 4     0.490     0.860     0.140
 4    -0.810     0.390     0.430
 4     0.310    -0.320     0.890
 5   106.941    26.955    23.137
 5    -0.210    -0.400    -0.890
 5     0.330     0.830    -0.450
 5     0.920    -0.380    -0.040
 6   124.417    38.383    45.064
 6     0.420     0.160     0.890
 6    -0.890     0.260     0.370
 6    -0.170    -0.950     0.250
 7   110.000   -21.967   -10.064
 7     0.610    -0.790     0.080
 7     0.780     0.570    -0.270
 7     0.160     0.230     0.960
 8   107.885   -31.848    22.581
 8    -0.230     0.210    -0.950
 8    -0.520     0.800     0.310
 8     0.820     0.560    -0.070
 9   124.698   -39.872    46.997
 9     0.430    -0.060     0.900
 9     0.880     0.220    -0.410
 9    -0.180     0.970     0.150
 2    83.085    -4.203    58.986
 2     0.620     0.780    -0.070
 2    -0.790     0.620    -0.030
 2     0.020     0.070     1.000
 3   121.063    -1.135    -5.502
 3    -0.330    -0.250    -0.910
 3     0.360    -0.920     0.120
 3    -0.870    -0.290     0.400
 4   108.629    18.690    -8.784
 4     0.490     0.860     0.140
 4    -0.820     0.390     0.430
 4     0.310    -0.320     0.890
 5   106.941    27.003    23.092
 5    -0.210    -0.400    -0.890
 5     0.330     0.830    -0.450
 5     0.920    -0.380    -0.040
 6   124.460    38.479    44.930
 6     0.420     0.160     0.890
 6    -0.890     0.260     0.370
 6    -0.170    -0.950     0.250
 7   110.000   -22.015   -10.064
 7     0.610    -0.790     0.080
 7     0.780     0.570    -0.270
 7     0.160     0.230     0.960
 8   107.882   -31.899    22.597
 8    -0.230     0.220    -0.950
 8    -0.520     0.800     0.310
 8     0.830     0.560    -0.070
 9   124.638   -40.013    46.973
 9     0.430    -0.060     0.900
 9     0.880     0.220    -0.410
 9    -0.170     0.970     0.150
 2    83.129    -4.202    58.940
 2     0.620     0.780    -0.070
 2    -0.790     0.620    -0.030
 2     0.020     0.070     1.000
 3   121.010    -1.182    -5.498
 3    -0.330    -0.250    -0.910
 3     0.360    -0.920     0.120
 3    -0.870    -0.290     0.400
 4   108.629    18.690    -8.784
 4     0.490     0.860     0.140
 4    -0.820     0.390     0.430
 4     0.310    -0.320     0.890
 5   107.037    27.050    23.048
 5    -0.210    -0.410    -0.890
 5     0.330     0.830    -0.450
 5     0.920    -0.380    -0.040
 6   124.507    38.528    44.840
 6     0.420     0.160     0.890
 6    -0.890     0.260     0.370
 6    -0.170    -0.950     0.250
 7   110.049   -21.969   -10.064
 7     0.600    -0.790     0.080
 7     0.780     0.570    -0.270
 7     0.160     0.230     0.960
 8   107.879   -31.852    22.599
 8    -0.230     0.220    -0.950
 8    -0.510     0.800     0.310
 8     0.830     0.560    -0.070
 9   124.681   -40.061    46.839
 9     0.430    -0.060     0.900
 9     0.880     0.220    -0.410
 9    -0.170     0.970     0.150
 2    83.083    -4.202    58.942
 2     0.620     0.780    -0.070
 2    -0.790     0.620    -0.030
 2     0.020     0.070     1.000
 3   121.010    -1.134    -5.544
 3    -0.330    -0.250    -0.910
 3     0.360    -0.920     0.120
 3    -0.870    -0.290     0.400
 4   108.679    18.644    -8.785
 4     0.490     0.860     0.140
 4    -0.820     0.390     0.430
 4     0.310    -0.320     0.890
 5   107.035    27.140    23.009
 5    -0.210    -0.410    -0.890
 5     0.320     0.830    -0.460
 5     0.920    -0.380    -0.040
 6   124.507    38.628    44.699
 6     0.420     0.160     0.890
 6    -0.890     0.260     0.370
 6    -0.180    -0.950     0.260
 7   109.951   -21.966   -10.063
 7     0.600    -0.790     0.080
 7     0.780     0.570    -0.270
 7     0.160     0.230     0.960
 8   107.879   -31.852    22.599
 8    -0.230     0.220    -0.950
 8    -0.510     0.800     0.310
 8     0.830     0.560    -0.070
 9   124.682   -40.153    46.795
 9     0.440    -0.070     0.900
 9     0.880     0.220    -0.410
 9    -0.170     0.970     0.150
 2    83.129    -4.202    58.940
 2     0.620     0.780    -0.070
 2    -0.790     0.620    -0.030
 2     0.020     0.070     1.000
 3   121.061    -1.182    -5.502
 3    -0.330    -0.250    -0.910
 3     0.360    -0.920     0.120
 3    -0.870    -0.290     0.390
 4   108.630    18.644    -8.829
 4     0.490     0.860     0.140
 4    -0.820     0.390     0.420
 4     0.310    -0.320     0.890
 5   107.082    27.141    22.921
 5    -0.210    -0.410    -0.890
 5     0.320     0.830    -0.460
 5     0.920    -0.380    -0.040
