% Calibrated with leiden_pols
% Positions are in centimeters
Data =[
 2    83.094    -4.011    59.135
 2     0.320     0.940    -0.070
 2    -0.950     0.320    -0.040
 2    -0.010     0.080     1.000
 3   125.181    -1.506    -4.151
 3    -0.330    -0.290    -0.900
 3     0.230    -0.950     0.230
 3    -0.920    -0.130     0.380
 4   109.626    18.502    -6.004
 4     0.430     0.870     0.250
 4    -0.820     0.250     0.520
 4     0.390    -0.430     0.820
 5   112.546    22.106    24.559
 5    -0.310    -0.210    -0.930
 5     0.260     0.920    -0.290
 5     0.910    -0.330    -0.230
 6   128.887    33.653    48.367
 6     0.450     0.170     0.880
 6    -0.870    -0.160     0.470
 6     0.230    -0.970     0.070
 7   109.013   -21.273    -6.361
 7     0.510    -0.850     0.140
 7     0.740     0.350    -0.580
 7     0.440     0.400     0.810
 8   113.932   -29.521    23.316
 8    -0.420     0.250    -0.870
 8    -0.390     0.820     0.420
 8     0.820     0.520    -0.250
 9   133.779   -37.389    45.552
 9     0.530    -0.100     0.840
 9     0.820    -0.190    -0.540
 9     0.210     0.980    -0.020
 2    83.098    -4.057    59.179
 2     0.320     0.940    -0.070
 2    -0.950     0.320    -0.040
 2    -0.010     0.080     1.000
 3   125.075    -1.504    -4.190
 3    -0.330    -0.290    -0.900
 3     0.230    -0.950     0.230
 3    -0.920    -0.130     0.380
 4   109.678    18.504    -6.098
 4     0.440     0.860     0.240
 4    -0.810     0.260     0.530
 4     0.390    -0.430     0.810
 5   114.386    22.436    24.232
 5    -0.380    -0.230    -0.900
 5     0.220     0.920    -0.330
 5     0.900    -0.320    -0.300
 6   132.664    34.664    46.595
 6     0.510     0.200     0.840
 6    -0.820    -0.170     0.540
 6     0.250    -0.960     0.080
 7   108.867   -21.316    -6.440
 7     0.520    -0.840     0.130
 7     0.730     0.360    -0.580
 7     0.450     0.400     0.800
 8   115.933   -29.998    23.069
 8    -0.500     0.270    -0.820
 8    -0.340     0.810     0.470
 8     0.800     0.520    -0.320
 9   138.663   -38.159    43.327
 9     0.610    -0.110     0.790
 9     0.760    -0.190    -0.620
 9     0.220     0.980    -0.030
 2    83.098    -4.057    59.179
 2     0.320     0.940    -0.070
 2    -0.950     0.320    -0.040
 2    -0.010     0.080     1.000
 3   125.021    -1.550    -4.230
 3    -0.330    -0.290    -0.900
 3     0.230    -0.950     0.230
 3    -0.920    -0.130     0.380
 4   109.635    18.364    -6.277
 4     0.450     0.860     0.240
 4    -0.800     0.270     0.530
 4     0.390    -0.430     0.810
 5   116.464    22.766    23.623
 5    -0.450    -0.250    -0.860
 5     0.190     0.910    -0.360
 5     0.870    -0.320    -0.370
 6   136.664    35.537    44.380
 6     0.570     0.220     0.790
 6    -0.770    -0.170     0.610
 6     0.270    -0.960     0.070
 7   108.817   -21.313    -6.530
 7     0.530    -0.840     0.120
 7     0.720     0.370    -0.590
 7     0.450     0.390     0.800
 8   117.806   -30.414    22.518
 8    -0.580     0.290    -0.760
 8    -0.280     0.810     0.520
 8     0.760     0.510    -0.390
 9   143.280   -38.702    40.177
 9     0.690    -0.110     0.710
 9     0.690    -0.200    -0.700
 9     0.220     0.970    -0.060
 2    83.098    -4.057    59.179
 2     0.320     0.940    -0.070
 2    -0.950     0.320    -0.040
 2    -0.010     0.080     1.000
 3   124.890    -1.654    -4.216
 3    -0.330    -0.300    -0.900
 3     0.230    -0.950     0.230
 3    -0.910    -0.130     0.380
 4   109.439    18.172    -6.352
 4     0.460     0.860     0.220
 4    -0.790     0.280     0.540
 4     0.400    -0.430     0.810
 5   118.420    23.289    22.926
 5    -0.530    -0.270    -0.800
 5     0.140     0.910    -0.400
 5     0.830    -0.330    -0.440
 6   141.125    36.581    41.280
 6     0.650     0.250     0.710
 6    -0.690    -0.190     0.700
 6     0.310    -0.950     0.050
 7   108.670   -21.405    -6.653
 7     0.540    -0.840     0.100
 7     0.710     0.380    -0.600
 7     0.460     0.390     0.800
 8   120.423   -30.616    21.303
 8    -0.660     0.300    -0.690
 8    -0.220     0.800     0.560
 8     0.720     0.520    -0.460
 9   148.091   -38.265    36.606
 9     0.770    -0.110     0.630
 9     0.600    -0.190    -0.780
 9     0.210     0.970    -0.090
 2    83.098    -4.057    59.179
 2     0.320     0.940    -0.070
 2    -0.950     0.320    -0.040
 2    -0.010     0.080     1.000
 3   124.783    -1.648    -4.260
 3    -0.330    -0.300    -0.900
 3     0.240    -0.940     0.230
 3    -0.910    -0.140     0.380
 4   109.246    17.979    -6.520
 4     0.480     0.850     0.210
 4    -0.780     0.300     0.550
 4     0.410    -0.430     0.800
 5   120.752    23.508    21.573
 5    -0.610    -0.280    -0.740
 5     0.110     0.890    -0.430
 5     0.780    -0.350    -0.510
 6   145.371    37.084    37.615
 6     0.730     0.250     0.630
 6    -0.610    -0.180     0.770
 6     0.310    -0.950     0.020
 7   108.573   -21.449    -6.730
 7     0.550    -0.830     0.090
 7     0.700     0.390    -0.600
 7     0.470     0.390     0.790
 8   122.474   -30.877    19.832
 8    -0.730     0.310    -0.620
 8    -0.170     0.790     0.590
 8     0.670     0.530    -0.520
 9   152.337   -39.300    31.885
 9     0.850    -0.110     0.520
 9     0.500    -0.190    -0.850
 9     0.200     0.970    -0.110
 2    83.098    -4.057    59.179
 2     0.320     0.940    -0.070
 2    -0.950     0.320    -0.040
 2    -0.010     0.080     1.000
 3   124.810    -1.778    -4.450
 3    -0.320    -0.300    -0.900
 3     0.240    -0.940     0.230
 3    -0.920    -0.140     0.380
 4   109.250    17.887    -6.566
 4     0.490     0.850     0.200
 4    -0.770     0.310     0.560
 4     0.410    -0.430     0.800
 5   122.720    24.068    20.392
 5    -0.670    -0.300    -0.680
 5     0.090     0.880    -0.470
 5     0.730    -0.380    -0.560
 6   149.206    37.583    34.010
 6     0.790     0.260     0.550
 6    -0.530    -0.160     0.830
 6     0.300    -0.950     0.010
 7   108.427   -21.347    -6.911
 7     0.550    -0.830     0.070
 7     0.680     0.410    -0.610
 7     0.470     0.380     0.790
 8   124.437   -30.936    17.985
 8    -0.790     0.310    -0.540
 8    -0.120     0.770     0.620
 8     0.610     0.550    -0.570
 9   155.947   -39.166    26.853
 9     0.900    -0.120     0.420
 9     0.400    -0.180    -0.900
 9     0.180     0.980    -0.120
 2    83.094    -4.011    59.135
 2     0.320     0.940    -0.070
 2    -0.950     0.320    -0.040
 2    -0.010     0.080     1.000
 3   124.758    -1.826    -4.491
 3    -0.320    -0.300    -0.900
 3     0.240    -0.940     0.230
 3    -0.920    -0.140     0.380
 4   109.257    17.890    -6.615
 4     0.510     0.840     0.190
 4    -0.760     0.330     0.570
 4     0.410    -0.430     0.800
 5   124.969    24.730    18.841
 5    -0.740    -0.310    -0.600
 5     0.060     0.850    -0.520
 5     0.670    -0.420    -0.610
 6   152.941    38.457    29.479
 6     0.850     0.260     0.450
 6    -0.430    -0.140     0.890
 6     0.300    -0.950    -0.010
 7   108.228   -21.297    -7.154
 7     0.560    -0.830     0.050
 7     0.670     0.420    -0.610
 7     0.490     0.370     0.790
 8   126.228   -31.465    16.001
 8    -0.830     0.320    -0.460
 8    -0.070     0.760     0.650
 8     0.550     0.570    -0.610
 9   158.628   -39.452    22.486
 9     0.940    -0.120     0.330
 9     0.310    -0.160    -0.940
 9     0.170     0.980    -0.110
 2    83.098    -4.057    59.179
 2     0.320     0.940    -0.070
 2    -0.950     0.320    -0.040
 2    -0.010     0.080     1.000
 3   124.757    -1.874    -4.536
 3    -0.320    -0.300    -0.900
 3     0.240    -0.940     0.230
 3    -0.920    -0.140     0.370
 4   109.165    17.793    -6.829
 4     0.530     0.830     0.170
 4    -0.740     0.350     0.580
 4     0.420    -0.430     0.800
 5   127.183    25.214    16.487
 5    -0.800    -0.330    -0.500
 5     0.020     0.820    -0.570
 5     0.600    -0.460    -0.650
