% Calibrated with leiden_pols
% Positions are in centimeters
Data =[
 2    83.094    -4.011    59.135
 2     0.320     0.940    -0.070
 2    -0.950     0.320    -0.040
 2    -0.010     0.080     1.000
 3   123.758    -1.538    -5.650
 3    -0.290    -0.310    -0.910
 3     0.200    -0.950     0.260
 3    -0.940    -0.100     0.340
 4   105.991    15.589    -9.928
 4     0.400     0.910    -0.110
 4    -0.630     0.350     0.690
 4     0.670    -0.210     0.710
 5   107.448    38.722     1.554
 5    -0.310    -0.940    -0.110
 5    -0.260     0.190    -0.950
 5     0.910    -0.270    -0.310
 6   140.197    44.531    -7.935
 6     0.970    -0.160    -0.160
 6     0.210     0.880     0.430
 6     0.080    -0.450     0.890
 7   105.272   -18.290    -9.333
 7     0.380    -0.910    -0.160
 7     0.650     0.390    -0.660
 7     0.660     0.140     0.740
 8   108.536   -42.218     1.772
 8    -0.290     0.960    -0.040
 8     0.310     0.140     0.940
 8     0.900     0.260    -0.340
 9   140.486   -47.796    -8.696
 9     0.990     0.140    -0.080
 9    -0.160     0.950    -0.260
 9     0.040     0.270     0.960
 2    83.097    -4.012    59.179
 2     0.320     0.940    -0.070
 2    -0.950     0.320    -0.040
 2    -0.010     0.080     1.000
 3   123.758    -1.586    -5.649
 3    -0.290    -0.310    -0.910
 3     0.200    -0.950     0.260
 3    -0.940    -0.100     0.340
 4   105.942    15.543    -9.883
 4     0.400     0.910    -0.110
 4    -0.630     0.350     0.690
 4     0.670    -0.210     0.710
 5   107.401    38.722     1.555
 5    -0.310    -0.940    -0.110
 5    -0.260     0.190    -0.950
 5     0.910    -0.270    -0.310
 6   140.140    44.482    -7.977
 6     0.970    -0.160    -0.170
 6     0.210     0.880     0.430
 6     0.080    -0.450     0.890
 7   105.272   -18.290    -9.287
 7     0.380    -0.910    -0.160
 7     0.650     0.390    -0.660
 7     0.660     0.140     0.740
 8   108.536   -42.217     1.727
 8    -0.290     0.960    -0.040
 8     0.310     0.140     0.940
 8     0.900     0.260    -0.340
 9   140.479   -47.848    -8.763
 9     0.990     0.140    -0.090
 9    -0.150     0.950    -0.260
 9     0.050     0.270     0.960
 2    83.094    -4.011    59.135
 2     0.320     0.940    -0.070
 2    -0.950     0.320    -0.040
 2    -0.010     0.080     1.000
 3   123.759    -1.490    -5.650
 3    -0.290    -0.310    -0.910
 3     0.200    -0.950     0.260
 3    -0.940    -0.100     0.340
 4   105.942    15.590    -9.883
 4     0.400     0.910    -0.110
 4    -0.630     0.350     0.690
 4     0.670    -0.210     0.710
 5   107.401    38.722     1.555
 5    -0.310    -0.940    -0.110
 5    -0.260     0.190    -0.950
 5     0.910    -0.270    -0.310
 6   140.142    44.530    -7.977
 6     0.970    -0.150    -0.160
 6     0.210     0.880     0.420
 6     0.080    -0.450     0.890
 7   105.272   -18.337    -9.333
 7     0.380    -0.910    -0.160
 7     0.650     0.390    -0.660
 7     0.660     0.140     0.740
 8   108.537   -42.168     1.638
 8    -0.290     0.960    -0.040
 8     0.310     0.140     0.940
 8     0.900     0.260    -0.340
 9   140.481   -47.898    -8.763
 9     0.990     0.130    -0.090
 9    -0.150     0.950    -0.260
 9     0.050     0.270     0.960
 2    83.095    -4.057    59.135
 2     0.320     0.940    -0.070
 2    -0.950     0.320    -0.040
 2    -0.010     0.080     1.000
 3   123.759    -1.489    -5.695
 3    -0.290    -0.310    -0.900
 3     0.200    -0.950     0.260
 3    -0.940    -0.100     0.340
 4   105.991    15.589    -9.928
 4     0.400     0.910    -0.110
 4    -0.630     0.350     0.690
 4     0.670    -0.210     0.710
 5   107.448    38.721     1.467
 5    -0.310    -0.940    -0.110
 5    -0.260     0.190    -0.950
 5     0.910    -0.270    -0.310
 6   140.197    44.531    -7.935
 6     0.970    -0.150    -0.160
 6     0.210     0.880     0.420
 6     0.080    -0.450     0.890
 7   105.273   -18.289    -9.377
 7     0.380    -0.910    -0.160
 7     0.650     0.390    -0.660
 7     0.660     0.140     0.740
 8   108.579   -42.180     1.681
 8    -0.290     0.960    -0.040
 8     0.300     0.130     0.940
 8     0.910     0.260    -0.330
 9   140.604   -47.998    -8.743
 9     0.990     0.130    -0.080
 9    -0.150     0.950    -0.260
 9     0.040     0.270     0.960
 2    83.098    -4.057    59.179
 2     0.320     0.940    -0.070
 2    -0.950     0.320    -0.040
 2    -0.010     0.080     1.000
 3   123.811    -1.490    -5.698
 3    -0.290    -0.310    -0.900
 3     0.200    -0.940     0.260
 3    -0.940    -0.100     0.340
 4   106.089    15.543    -9.969
 4     0.400     0.910    -0.110
 4    -0.630     0.360     0.690
 4     0.670    -0.200     0.710
 5   107.424    38.774     1.248
 5    -0.310    -0.940    -0.110
 5    -0.240     0.190    -0.950
 5     0.920    -0.270    -0.290
 6   140.259    44.358    -7.798
 6     0.980    -0.160    -0.150
 6     0.200     0.880     0.420
 6     0.060    -0.440     0.890
 7   105.321   -18.291    -9.376
 7     0.380    -0.910    -0.160
 7     0.650     0.390    -0.660
 7     0.660     0.140     0.740
 8   108.473   -42.370     1.382
 8    -0.290     0.960    -0.040
 8     0.280     0.130     0.950
 8     0.910     0.260    -0.310
 9   140.739   -48.196    -8.437
 9     0.990     0.130    -0.050
 9    -0.140     0.950    -0.260
 9     0.020     0.270     0.960
 2    83.095    -4.057    59.135
 2     0.320     0.940    -0.070
 2    -0.950     0.320    -0.040
 2    -0.010     0.080     1.000
 3   123.811    -1.490    -5.698
 3    -0.290    -0.310    -0.900
 3     0.200    -0.940     0.260
 3    -0.940    -0.100     0.340
 4   106.087    15.541   -10.012
 4     0.390     0.910    -0.110
 4    -0.630     0.360     0.690
 4     0.670    -0.200     0.720
 5   107.091    38.706     0.817
 5    -0.310    -0.940    -0.110
 5    -0.200     0.180    -0.960
 5     0.930    -0.280    -0.250
 6   140.561    44.583    -7.259
 6     0.980    -0.160    -0.100
 6     0.190     0.890     0.420
 6     0.030    -0.440     0.900
 7   105.322   -18.291    -9.421
 7     0.380    -0.910    -0.170
 7     0.650     0.390    -0.650
 7     0.660     0.140     0.740
 8   108.239   -42.391     1.109
 8    -0.300     0.950    -0.040
 8     0.240     0.120     0.960
 8     0.920     0.270    -0.270
 9   140.890   -48.138    -7.340
 9     0.990     0.130     0.000
 9    -0.130     0.960    -0.270
 9    -0.040     0.260     0.960
 2    83.098    -4.057    59.179
 2     0.320     0.940    -0.070
 2    -0.950     0.320    -0.040
 2    -0.010     0.080     1.000
 3   123.758    -1.538    -5.650
 3    -0.290    -0.310    -0.900
 3     0.200    -0.940     0.260
 3    -0.940    -0.100     0.340
 4   106.139    15.455   -10.154
 4     0.390     0.910    -0.120
 4    -0.640     0.360     0.680
 4     0.660    -0.190     0.720
 5   106.899    38.869     0.381
 5    -0.310    -0.940    -0.110
 5    -0.160     0.170    -0.970
 5     0.940    -0.280    -0.210
 6   140.805    44.259    -6.330
 6     0.980    -0.170    -0.050
 6     0.170     0.890     0.420
 6    -0.030    -0.420     0.910
 7   105.322   -18.291    -9.421
 7     0.380    -0.910    -0.170
 7     0.650     0.390    -0.650
 7     0.660     0.140     0.740
 8   108.006   -42.656     0.928
 8    -0.300     0.950    -0.050
 8     0.200     0.110     0.970
 8     0.930     0.280    -0.230
 9   141.150   -48.141    -6.355
 9     0.990     0.140     0.060
 9    -0.120     0.950    -0.270
 9    -0.090     0.260     0.960
 2    83.095    -4.057    59.135
 2     0.320     0.940    -0.070
 2    -0.950     0.320    -0.040
 2    -0.010     0.080     1.000
 3   123.758    -1.490    -5.606
 3    -0.290    -0.310    -0.900
 3     0.200    -0.940     0.260
 3    -0.940    -0.100     0.340
 4   106.188    15.455   -10.199
 4     0.390     0.910    -0.120
 4    -0.640     0.360     0.680
 4     0.660    -0.190     0.720
 5   106.662    38.955    -0.036
 5    -0.310    -0.940    -0.120
 5    -0.120     0.160    -0.980
 5     0.940    -0.290    -0.160
