% Calibrated with leiden_pols
% Positions are in centimeters
Data =[
 2    83.095    -4.057    59.135
 2     0.320     0.940    -0.070
 2    -0.950     0.320    -0.040
 2    -0.010     0.080     1.000
 3   124.370    -1.681    -5.135
 3    -0.250    -0.320    -0.910
 3     0.190    -0.940     0.280
 3    -0.950    -0.100     0.300
 4   106.849    14.769   -10.834
 4     0.430     0.900    -0.100
 4    -0.700     0.400     0.590
 4     0.570    -0.190     0.800
 5   111.297    39.046    -5.937
 5    -0.440    -0.890     0.100
 5    -0.220    -0.010    -0.980
 5     0.870    -0.450    -0.190
 6   145.999    45.089   -15.579
 6     0.990    -0.080    -0.090
 6     0.100     0.940     0.320
 6     0.060    -0.330     0.940
 7   105.871   -18.264   -10.286
 7     0.410    -0.900    -0.140
 7     0.730     0.420    -0.540
 7     0.550     0.120     0.830
 8   114.264   -42.287    -3.536
 8    -0.500     0.860     0.130
 8     0.300     0.030     0.950
 8     0.810     0.520    -0.270
 9   147.933   -46.707   -15.547
 9     0.990     0.110    -0.100
 9    -0.130     0.970    -0.220
 9     0.070     0.230     0.970
 2    83.098    -4.057    59.179
 2     0.320     0.940    -0.070
 2    -0.950     0.320    -0.040
 2    -0.010     0.080     1.000
 3   124.317    -1.727    -5.177
 3    -0.250    -0.320    -0.910
 3     0.190    -0.940     0.280
 3    -0.950    -0.100     0.300
 4   106.801    14.769   -10.879
 4     0.430     0.900    -0.100
 4    -0.700     0.410     0.590
 4     0.570    -0.190     0.800
 5   111.298    39.092    -5.938
 5    -0.440    -0.890     0.100
 5    -0.220    -0.010    -0.980
 5     0.870    -0.450    -0.190
 6   145.994    44.992   -15.577
 6     0.990    -0.080    -0.090
 6     0.100     0.940     0.320
 6     0.060    -0.330     0.940
 7   105.871   -18.264   -10.286
 7     0.410    -0.900    -0.150
 7     0.730     0.420    -0.540
 7     0.550     0.120     0.830
 8   114.319   -42.334    -3.582
 8    -0.500     0.860     0.130
 8     0.300     0.030     0.950
 8     0.810     0.510    -0.270
 9   147.880   -46.703   -15.590
 9     0.990     0.110    -0.100
 9    -0.130     0.970    -0.220
 9     0.070     0.230     0.970
 2    83.098    -4.057    59.179
 2     0.320     0.940    -0.070
 2    -0.950     0.320    -0.040
 2    -0.010     0.080     1.000
 3   124.317    -1.727    -5.177
 3    -0.250    -0.320    -0.910
 3     0.190    -0.940     0.280
 3    -0.950    -0.100     0.300
 4   106.755    14.724   -10.876
 4     0.430     0.890    -0.100
 4    -0.700     0.410     0.590
 4     0.570    -0.180     0.800
 5   111.290    39.087    -6.019
 5    -0.440    -0.890     0.100
 5    -0.210    -0.010    -0.980
 5     0.870    -0.450    -0.190
 6   145.941    45.040   -15.621
 6     0.990    -0.080    -0.090
 6     0.100     0.940     0.320
 6     0.060    -0.330     0.940
 7   105.921   -18.218   -10.377
 7     0.410    -0.900    -0.150
 7     0.720     0.420    -0.550
 7     0.550     0.120     0.820
 8   114.316   -42.288    -3.625
 8    -0.500     0.860     0.130
 8     0.300     0.030     0.950
 8     0.810     0.520    -0.270
 9   147.883   -46.703   -15.679
 9     0.990     0.100    -0.100
 9    -0.130     0.970    -0.220
 9     0.070     0.230     0.970
 2    83.095    -4.057    59.135
 2     0.320     0.940    -0.070
 2    -0.950     0.320    -0.040
 2    -0.010     0.080     1.000
 3   124.317    -1.726    -5.222
 3    -0.250    -0.320    -0.910
 3     0.190    -0.940     0.280
 3    -0.950    -0.100     0.300
 4   106.854    14.725   -10.923
 4     0.430     0.890    -0.110
 4    -0.690     0.410     0.590
 4     0.570    -0.180     0.800
 5   111.328    38.960    -6.370
 5    -0.440    -0.890     0.100
 5    -0.200    -0.010    -0.980
 5     0.880    -0.450    -0.170
 6   146.061    44.908   -15.687
 6     0.990    -0.080    -0.080
 6     0.100     0.940     0.320
 6     0.050    -0.320     0.940
 7   105.917   -18.223   -10.408
 7     0.410    -0.900    -0.150
 7     0.720     0.420    -0.550
 7     0.560     0.110     0.820
 8   114.323   -42.328    -3.940
 8    -0.500     0.860     0.140
 8     0.300     0.020     0.950
 8     0.810     0.520    -0.270
 9   147.951   -46.804   -15.900
 9     0.990     0.100    -0.100
 9    -0.120     0.970    -0.220
 9     0.070     0.230     0.970
 2    83.098    -4.057    59.179
 2     0.320     0.940    -0.070
 2    -0.950     0.320    -0.040
 2    -0.010     0.080     1.000
 3   124.371    -1.679    -5.225
 3    -0.250    -0.330    -0.910
 3     0.190    -0.940     0.280
 3    -0.950    -0.100     0.300
 4   106.854    14.723   -11.056
 4     0.430     0.890    -0.110
 4    -0.700     0.410     0.590
 4     0.570    -0.180     0.800
 5   111.025    38.966    -7.198
 5    -0.440    -0.890     0.100
 5    -0.130    -0.040    -0.990
 5     0.890    -0.450    -0.100
 6   146.871    44.623   -14.375
 6     1.000    -0.090     0.010
 6     0.080     0.950     0.310
 6    -0.040    -0.310     0.950
 7   105.966   -18.130   -10.452
 7     0.410    -0.900    -0.160
 7     0.720     0.430    -0.540
 7     0.560     0.110     0.820
 8   114.080   -42.353    -4.587
 8    -0.500     0.850     0.130
 8     0.240    -0.010     0.970
 8     0.830     0.520    -0.200
 9   148.482   -46.413   -14.895
 9     0.990     0.110    -0.020
 9    -0.110     0.970    -0.220
 9    -0.000     0.220     0.980
 2    83.094    -4.011    59.135
 2     0.320     0.940    -0.070
 2    -0.950     0.320    -0.040
 2    -0.010     0.080     1.000
 3   124.371    -1.679    -5.225
 3    -0.250    -0.330    -0.910
 3     0.190    -0.940     0.280
 3    -0.950    -0.100     0.300
 4   107.004    14.676   -11.277
 4     0.430     0.890    -0.120
 4    -0.700     0.410     0.580
 4     0.570    -0.170     0.800
 5   110.887    38.965    -7.577
 5    -0.440    -0.890     0.090
 5    -0.080    -0.070    -0.990
 5     0.890    -0.450    -0.040
 6   146.773    44.742   -12.823
 6     0.990    -0.090     0.090
 6     0.060     0.950     0.310
 6    -0.110    -0.300     0.950
 7   106.015   -18.081   -10.600
 7     0.410    -0.900    -0.160
 7     0.720     0.430    -0.540
 7     0.550     0.100     0.830
 8   113.812   -42.597    -4.850
 8    -0.500     0.860     0.120
 8     0.210    -0.020     0.980
 8     0.840     0.520    -0.170
 9   148.768   -46.944   -13.947
 9     0.990     0.110     0.030
 9    -0.100     0.970    -0.230
 9    -0.060     0.220     0.970
 2    83.098    -4.057    59.179
 2     0.320     0.940    -0.070
 2    -0.950     0.320    -0.040
 2    -0.010     0.080     1.000
 3   124.424    -1.679    -5.273
 3    -0.250    -0.330    -0.910
 3     0.190    -0.940     0.280
 3    -0.950    -0.100     0.300
 4   107.105    14.582   -11.452
 4     0.430     0.890    -0.120
 4    -0.700     0.420     0.580
 4     0.570    -0.160     0.800
 5   110.728    39.031    -7.848
 5    -0.440    -0.900     0.080
 5    -0.020    -0.080    -1.000
 5     0.900    -0.440     0.010
 6   146.915    44.948   -11.745
 6     0.990    -0.090     0.150
 6     0.040     0.950     0.310
 6    -0.170    -0.300     0.940
 7   106.160   -18.086   -10.688
 7     0.410    -0.900    -0.170
 7     0.730     0.430    -0.530
 7     0.550     0.100     0.830
 8   113.457   -42.531    -5.157
 8    -0.500     0.860     0.110
 8     0.150    -0.040     0.990
 8     0.850     0.510    -0.100
 9   148.912   -46.780   -12.233
 9     0.990     0.110     0.110
 9    -0.090     0.970    -0.240
 9    -0.130     0.230     0.960
 2    83.094    -4.011    59.135
 2     0.320     0.940    -0.070
 2    -0.950     0.320    -0.040
 2    -0.010     0.080     1.000
 3   124.424    -1.680    -5.229
 3    -0.250    -0.330    -0.910
 3     0.190    -0.940     0.290
 3    -0.950    -0.100     0.300
 4   107.156    14.535   -11.586
 4     0.430     0.890    -0.130
 4    -0.700     0.420     0.580
 4     0.570    -0.160     0.810
 5   112.007    39.225    -7.793
 5    -0.440    -0.900     0.070
 5     0.020    -0.090    -1.000
 5     0.900    -0.430     0.060
