% Calibrated with leiden_pols
% Positions are in centimeters
Data =[
 2    83.098    -4.057    59.179
 2     0.320     0.940    -0.070
 2    -0.950     0.320    -0.040
 2    -0.010     0.080     1.000
 3   127.811    -1.328    -4.378
 3    -0.290    -0.290    -0.910
 3     0.200    -0.950     0.240
 3    -0.940    -0.110     0.340
 4   110.986    18.396    -5.718
 4     0.400     0.890     0.230
 4    -0.820     0.230     0.520
 4     0.410    -0.400     0.820
 5   107.804    22.547    24.364
 5    -0.310    -0.290    -0.910
 5     0.230     0.900    -0.360
 5     0.920    -0.320    -0.210
 6   140.580    26.060    29.161
 6     0.990    -0.150     0.000
 6    -0.060    -0.380     0.920
 6    -0.140    -0.910    -0.390
 7   110.368   -20.527    -6.168
 7     0.450    -0.880     0.170
 7     0.780     0.290    -0.550
 7     0.440     0.380     0.810
 8   108.032   -29.399    23.675
 8    -0.340     0.360    -0.870
 8    -0.290     0.840     0.460
 8     0.890     0.410    -0.180
 9   141.423   -28.384    28.683
 9     0.960     0.280    -0.020
 9     0.100    -0.410    -0.910
 9    -0.260     0.870    -0.420
 2    83.098    -4.057    59.179
 2     0.320     0.940    -0.070
 2    -0.950     0.320    -0.040
 2    -0.010     0.080     1.000
 3   127.809    -1.377    -4.378
 3    -0.290    -0.290    -0.910
 3     0.200    -0.950     0.240
 3    -0.940    -0.110     0.330
 4   110.986    18.349    -5.717
 4     0.400     0.880     0.240
 4    -0.820     0.230     0.520
 4     0.410    -0.400     0.820
 5   107.804    22.547    24.364
 5    -0.310    -0.290    -0.910
 5     0.230     0.900    -0.360
 5     0.920    -0.320    -0.210
 6   140.639    26.010    29.245
 6     0.990    -0.150     0.000
 6    -0.060    -0.380     0.920
 6    -0.140    -0.910    -0.390
 7   110.367   -20.575    -6.122
 7     0.440    -0.880     0.180
 7     0.780     0.290    -0.550
 7     0.440     0.380     0.810
 8   107.986   -29.397    23.719
 8    -0.340     0.360    -0.870
 8    -0.290     0.840     0.460
 8     0.890     0.410    -0.180
 9   141.322   -28.482    28.818
 9     0.960     0.280    -0.020
 9     0.100    -0.410    -0.910
 9    -0.260     0.870    -0.420
 2    83.098    -4.057    59.179
 2     0.320     0.940    -0.070
 2    -0.950     0.320    -0.040
 2    -0.010     0.080     1.000
 3   127.754    -1.425    -4.331
 3    -0.290    -0.290    -0.910
 3     0.200    -0.950     0.240
 3    -0.940    -0.110     0.330
 4   110.986    18.349    -5.717
 4     0.400     0.880     0.240
 4    -0.820     0.230     0.520
 4     0.410    -0.400     0.820
 5   107.756    22.547    24.408
 5    -0.310    -0.290    -0.910
 5     0.230     0.900    -0.360
 5     0.920    -0.320    -0.210
 6   140.582    26.059    29.203
 6     0.990    -0.150     0.000
 6    -0.060    -0.380     0.920
 6    -0.140    -0.910    -0.390
 7   110.269   -20.524    -6.122
 7     0.440    -0.880     0.180
 7     0.780     0.280    -0.550
 7     0.440     0.380     0.810
 8   107.885   -29.397    23.737
 8    -0.340     0.360    -0.870
 8    -0.290     0.840     0.460
 8     0.900     0.410    -0.180
 9   141.265   -28.430    28.820
 9     0.960     0.280    -0.020
 9     0.100    -0.410    -0.910
 9    -0.260     0.870    -0.420
 2    83.098    -4.057    59.179
 2     0.320     0.940    -0.070
 2    -0.950     0.320    -0.040
 2    -0.010     0.080     1.000
 3   127.701    -1.378    -4.238
 3    -0.290    -0.290    -0.910
 3     0.200    -0.950     0.240
 3    -0.940    -0.110     0.330
 4   110.986    18.349    -5.717
 4     0.400     0.880     0.240
 4    -0.820     0.230     0.520
 4     0.410    -0.400     0.820
 5   107.757    22.546    24.452
 5    -0.310    -0.290    -0.910
 5     0.230     0.900    -0.360
 5     0.920    -0.320    -0.210
 6   140.529    26.156    29.204
 6     0.990    -0.150     0.000
 6    -0.060    -0.390     0.920
 6    -0.140    -0.910    -0.390
 7   110.269   -20.525    -6.077
 7     0.440    -0.880     0.180
 7     0.780     0.280    -0.550
 7     0.440     0.380     0.810
 8   107.840   -29.395    23.780
 8    -0.340     0.360    -0.870
 8    -0.290     0.840     0.460
 8     0.900     0.410    -0.180
 9   141.265   -28.430    28.820
 9     0.960     0.280    -0.020
 9     0.100    -0.410    -0.910
 9    -0.260     0.870    -0.420
 2    83.098    -4.057    59.179
 2     0.320     0.940    -0.070
 2    -0.950     0.320    -0.040
 2    -0.010     0.080     1.000
 3   127.698    -1.431    -4.231
 3    -0.290    -0.290    -0.910
 3     0.190    -0.950     0.240
 3    -0.940    -0.110     0.330
 4   110.989    18.403    -5.732
 4     0.400     0.880     0.240
 4    -0.820     0.230     0.520
 4     0.400    -0.410     0.820
 5   107.757    22.546    24.452
 5    -0.310    -0.290    -0.910
 5     0.230     0.900    -0.360
 5     0.920    -0.320    -0.210
 6   140.533    26.107    29.292
 6     0.990    -0.150     0.000
 6    -0.060    -0.390     0.920
 6    -0.140    -0.910    -0.390
 7   110.219   -20.523    -6.076
 7     0.440    -0.880     0.180
 7     0.790     0.280    -0.550
 7     0.440     0.380     0.810
 8   107.790   -29.346    23.779
 8    -0.340     0.360    -0.870
 8    -0.290     0.840     0.460
 8     0.900     0.410    -0.180
 9   141.155   -28.425    28.825
 9     0.960     0.280    -0.020
 9     0.100    -0.410    -0.910
 9    -0.260     0.870    -0.420
 2    83.098    -4.057    59.179
 2     0.320     0.940    -0.070
 2    -0.950     0.320    -0.040
 2    -0.010     0.080     1.000
 3   127.697    -1.384    -4.142
 3    -0.290    -0.290    -0.910
 3     0.190    -0.950     0.240
 3    -0.940    -0.110     0.330
 4   110.989    18.403    -5.687
 4     0.400     0.880     0.240
 4    -0.820     0.230     0.520
 4     0.400    -0.410     0.820
 5   107.812    22.738    24.445
 5    -0.310    -0.290    -0.910
 5     0.240     0.900    -0.370
 5     0.920    -0.330    -0.210
 6   140.588    26.059    29.290
 6     0.990    -0.150     0.000
 6    -0.060    -0.380     0.920
 6    -0.140    -0.910    -0.390
 7   110.219   -20.523    -6.076
 7     0.440    -0.880     0.180
 7     0.790     0.280    -0.550
 7     0.440     0.380     0.810
 8   107.707   -29.428    23.706
 8    -0.330     0.360    -0.870
 8    -0.300     0.840     0.460
 8     0.890     0.410    -0.170
 9   141.099   -28.423    28.827
 9     0.960     0.280    -0.020
 9     0.100    -0.410    -0.910
 9    -0.260     0.870    -0.420
 2    83.095    -4.057    59.135
 2     0.320     0.940    -0.070
 2    -0.950     0.320    -0.040
 2    -0.010     0.080     1.000
 3   127.697    -1.383    -4.187
 3    -0.290    -0.290    -0.910
 3     0.190    -0.950     0.240
 3    -0.940    -0.110     0.330
 4   111.037    18.403    -5.688
 4     0.400     0.880     0.240
 4    -0.820     0.230     0.520
 4     0.400    -0.410     0.820
 5   108.015    23.304    24.315
 5    -0.310    -0.300    -0.900
 5     0.250     0.890    -0.390
 5     0.920    -0.350    -0.200
 6   140.722    25.892    29.105
 6     0.980    -0.190     0.010
 6    -0.080    -0.370     0.930
 6    -0.170    -0.910    -0.370
 7   110.220   -20.570    -6.076
 7     0.440    -0.880     0.180
 7     0.790     0.280    -0.550
 7     0.440     0.380     0.810
 8   107.810   -30.040    23.525
 8    -0.340     0.360    -0.870
 8    -0.320     0.820     0.470
 8     0.890     0.430    -0.160
 9   141.173   -28.515    28.646
 9     0.950     0.300    -0.020
 9     0.110    -0.400    -0.910
 9    -0.280     0.870    -0.410
 2    83.095    -4.057    59.135
 2     0.320     0.940    -0.070
 2    -0.950     0.320    -0.040
 2    -0.010     0.080     1.000
 3   127.645    -1.380    -4.144
 3    -0.280    -0.290    -0.910
 3     0.190    -0.950     0.240
 3    -0.940    -0.110     0.330
 4   110.988    18.403    -5.644
 4     0.400     0.880     0.240
 4    -0.820     0.230     0.520
 4     0.400    -0.410     0.820
 5   108.135    24.088    24.182
 5    -0.310    -0.310    -0.900
 5     0.280     0.870    -0.400
 5     0.910    -0.370    -0.190
