% Calibrated with leiden_pols
% Positions are in centimeters
Data =[
 2    83.098    -4.057    59.179
 2     0.320     0.940    -0.070
 2    -0.950     0.320    -0.040
 2    -0.010     0.080     1.000
 3   132.360    -1.748    -2.964
 3    -0.190    -0.280    -0.940
 3     0.160    -0.950     0.250
 3    -0.970    -0.100     0.220
 4   117.438    18.883    -6.445
 4     0.400     0.840     0.360
 4    -0.900     0.290     0.330
 4     0.180    -0.460     0.870
 5   114.782    20.775    25.407
 5    -0.210    -0.210    -0.950
 5     0.260     0.930    -0.260
 5     0.940    -0.310    -0.140
 6   129.649    31.269    50.650
 6     0.410     0.100     0.910
 6    -0.890    -0.150     0.420
 6     0.180    -0.980     0.030
 7   115.872   -21.083    -6.637
 7     0.470    -0.830     0.310
 7     0.850     0.330    -0.400
 7     0.230     0.450     0.860
 8   113.747   -25.528    25.513
 8    -0.300     0.170    -0.940
 8    -0.330     0.900     0.270
 8     0.890     0.390    -0.210
 9   128.997   -32.338    50.942
 9     0.360    -0.050     0.930
 9     0.910    -0.200    -0.370
 9     0.200     0.980    -0.020
 2    83.098    -4.057    59.179
 2     0.320     0.940    -0.070
 2    -0.950     0.320    -0.040
 2    -0.010     0.080     1.000
 3   132.360    -1.749    -2.919
 3    -0.190    -0.280    -0.940
 3     0.160    -0.950     0.250
 3    -0.970    -0.100     0.220
 4   117.545    18.890    -6.506
 4     0.400     0.840     0.360
 4    -0.900     0.290     0.330
 4     0.170    -0.460     0.870
 5   114.833    20.774    25.450
 5    -0.210    -0.210    -0.950
 5     0.260     0.930    -0.260
 5     0.940    -0.310    -0.140
 6   129.695    31.317    50.560
 6     0.410     0.100     0.910
 6    -0.890    -0.150     0.420
 6     0.180    -0.980     0.030
 7   115.874   -21.083    -6.592
 7     0.470    -0.830     0.310
 7     0.850     0.330    -0.400
 7     0.230     0.460     0.860
 8   113.697   -25.478    25.513
 8    -0.300     0.170    -0.940
 8    -0.330     0.900     0.270
 8     0.890     0.390    -0.210
 9   129.001   -32.340    50.985
 9     0.360    -0.050     0.930
 9     0.910    -0.200    -0.370
 9     0.200     0.980    -0.020
 2    83.097    -4.012    59.179
 2     0.320     0.940    -0.070
 2    -0.950     0.320    -0.040
 2    -0.010     0.080     1.000
 3   132.415    -1.799    -2.922
 3    -0.190    -0.280    -0.940
 3     0.160    -0.950     0.260
 3    -0.970    -0.100     0.220
 4   117.748    18.700    -6.553
 4     0.400     0.840     0.360
 4    -0.900     0.290     0.330
 4     0.170    -0.460     0.870
 5   114.882    20.779    25.398
 5    -0.210    -0.210    -0.950
 5     0.270     0.930    -0.260
 5     0.940    -0.310    -0.140
 6   129.715    31.516    50.585
 6     0.410     0.100     0.910
 6    -0.890    -0.150     0.420
 6     0.170    -0.980     0.030
 7   116.075   -21.188    -6.592
 7     0.460    -0.830     0.320
 7     0.860     0.330    -0.400
 7     0.230     0.460     0.860
 8   113.697   -25.530    25.575
 8    -0.290     0.170    -0.940
 8    -0.330     0.900     0.270
 8     0.900     0.390    -0.210
 9   128.942   -32.485    51.005
 9     0.360    -0.050     0.930
 9     0.910    -0.200    -0.360
 9     0.210     0.980    -0.020
 2    83.098    -4.057    59.179
 2     0.320     0.940    -0.070
 2    -0.950     0.320    -0.040
 2    -0.010     0.080     1.000
 3   132.471    -1.844    -2.799
 3    -0.180    -0.280    -0.940
 3     0.160    -0.950     0.260
 3    -0.970    -0.100     0.220
 4   117.906    18.659    -6.571
 4     0.400     0.840     0.360
 4    -0.900     0.290     0.320
 4     0.160    -0.460     0.870
 5   114.930    20.780    25.227
 5    -0.200    -0.210    -0.960
 5     0.260     0.930    -0.260
 5     0.940    -0.300    -0.130
 6   129.615    31.515    50.677
 6     0.410     0.100     0.910
 6    -0.900    -0.140     0.420
 6     0.170    -0.980     0.030
 7   116.179   -21.236    -6.520
 7     0.460    -0.830     0.320
 7     0.860     0.320    -0.400
 7     0.220     0.460     0.860
 8   113.698   -25.481    25.542
 8    -0.260     0.170    -0.950
 8    -0.330     0.910     0.250
 8     0.910     0.380    -0.190
 9   128.948   -32.391    51.092
 9     0.360    -0.050     0.930
 9     0.910    -0.200    -0.360
 9     0.210     0.980    -0.020
 2    83.095    -4.057    59.135
 2     0.320     0.940    -0.070
 2    -0.950     0.320    -0.040
 2    -0.010     0.080     1.000
 3   132.577    -2.049    -2.752
 3    -0.180    -0.280    -0.940
 3     0.150    -0.950     0.260
 3    -0.970    -0.100     0.220
 4   118.058    18.565    -6.573
 4     0.400     0.840     0.370
 4    -0.900     0.290     0.320
 4     0.160    -0.460     0.870
 5   115.021    20.854    25.177
 5    -0.190    -0.210    -0.960
 5     0.260     0.930    -0.260
 5     0.950    -0.300    -0.120
 6   129.565    31.610    50.677
 6     0.410     0.100     0.910
 6    -0.900    -0.140     0.420
 6     0.170    -0.990     0.030
 7   116.331   -21.435    -6.476
 7     0.460    -0.830     0.330
 7     0.860     0.320    -0.390
 7     0.220     0.460     0.860
 8   113.604   -25.712    25.492
 8    -0.250     0.170    -0.950
 8    -0.330     0.910     0.250
 8     0.910     0.370    -0.170
 9   128.845   -32.532    51.095
 9     0.360    -0.050     0.930
 9     0.910    -0.200    -0.360
 9     0.210     0.980    -0.020
 2    83.097    -4.012    59.179
 2     0.320     0.940    -0.070
 2    -0.950     0.320    -0.040
 2    -0.010     0.080     1.000
 3   132.683    -2.101    -2.671
 3    -0.180    -0.280    -0.940
 3     0.150    -0.950     0.260
 3    -0.970    -0.100     0.210
 4   118.413    18.423    -6.623
 4     0.400     0.840     0.370
 4    -0.900     0.290     0.320
 4     0.160    -0.460     0.870
 5   114.890    21.208    24.913
 5    -0.170    -0.220    -0.960
 5     0.280     0.920    -0.260
 5     0.950    -0.310    -0.090
 6   128.983    31.953    50.514
 6     0.390     0.100     0.920
 6    -0.910    -0.120     0.400
 6     0.150    -0.990     0.050
 7   116.590   -21.490    -6.448
 7     0.450    -0.830     0.340
 7     0.870     0.320    -0.390
 7     0.210     0.470     0.860
 8   113.363   -25.939    25.416
 8    -0.230     0.180    -0.960
 8    -0.330     0.910     0.250
 8     0.920     0.370    -0.160
 9   128.241   -32.665    51.468
 9     0.340    -0.050     0.940
 9     0.920    -0.200    -0.350
 9     0.210     0.980    -0.020
 2    83.098    -4.057    59.179
 2     0.320     0.940    -0.070
 2    -0.950     0.320    -0.040
 2    -0.010     0.080     1.000
 3   133.176    -2.252    -2.489
 3    -0.170    -0.280    -0.940
 3     0.150    -0.950     0.260
 3    -0.970    -0.100     0.200
 4   119.182    18.288    -6.656
 4     0.400     0.830     0.380
 4    -0.900     0.290     0.320
 4     0.150    -0.470     0.870
 5   114.512    21.577    24.383
 5    -0.130    -0.240    -0.960
 5     0.290     0.920    -0.270
 5     0.950    -0.320    -0.050
 6   127.709    32.807    50.396
 6     0.360     0.110     0.930
 6    -0.920    -0.110     0.370
 6     0.140    -0.990     0.070
 7   117.195   -21.657    -6.408
 7     0.450    -0.820     0.350
 7     0.870     0.310    -0.380
 7     0.210     0.470     0.860
 8   112.975   -26.244    25.175
 8    -0.200     0.190    -0.960
 8    -0.340     0.910     0.250
 8     0.920     0.380    -0.110
 9   127.003   -33.242    51.623
 9     0.320    -0.060     0.950
 9     0.930    -0.190    -0.330
 9     0.200     0.980    -0.010
 2    83.097    -4.012    59.179
 2     0.320     0.940    -0.070
 2    -0.950     0.320    -0.040
 2    -0.010     0.080     1.000
 3   133.892    -2.335    -2.470
 3    -0.160    -0.280    -0.950
 3     0.150    -0.950     0.260
 3    -0.980    -0.100     0.200
 4   120.048    18.381    -6.764
 4     0.390     0.840     0.380
 4    -0.910     0.280     0.310
 4     0.150    -0.470     0.870
 5   113.912    22.407    23.607
 5    -0.080    -0.270    -0.960
 5     0.320     0.910    -0.280
 5     0.940    -0.330     0.020
