% Calibrated with leiden_pols
% Positions are in centimeters
Data =[
 2    83.281    -4.096    59.002
 2     0.680     0.730     0.020
 2    -0.730     0.680    -0.030
 2    -0.040     0.000     1.000
 3   123.058    -1.592     1.674
 3    -0.550    -0.000    -0.830
 3    -0.030    -1.000     0.020
 3    -0.830     0.030     0.550
 4   111.231    18.945    -1.400
 4     0.720     0.650     0.240
 4    -0.630     0.460     0.630
 4     0.300    -0.610     0.740
 5   110.375    25.679    27.722
 5    -0.150    -0.220    -0.960
 5     0.660     0.700    -0.260
 5     0.730    -0.680     0.040
 6   124.439    34.812    48.928
 6     0.340     0.230     0.910
 6    -0.900     0.340     0.250
 6    -0.250    -0.910     0.330
 7   110.282   -22.303    -3.111
 7     0.730    -0.590     0.340
 7     0.630     0.380    -0.680
 7     0.270     0.710     0.650
 8   110.080   -31.347    25.311
 8    -0.180     0.230    -0.960
 8    -0.740     0.610     0.290
 8     0.650     0.760     0.060
 9   125.270   -37.963    50.807
 9     0.330    -0.060     0.940
 9     0.930     0.210    -0.310
 9    -0.180     0.980     0.120
 2    83.279    -4.096    58.959
 2     0.680     0.730     0.020
 2    -0.730     0.680    -0.030
 2    -0.040     0.000     1.000
 3   123.103    -1.596     1.638
 3    -0.550    -0.000    -0.830
 3    -0.020    -1.000     0.020
 3    -0.830     0.030     0.550
 4   111.176    18.986    -1.301
 4     0.720     0.650     0.250
 4    -0.630     0.450     0.640
 4     0.310    -0.610     0.730
 5   109.956    25.798    28.003
 5    -0.140    -0.250    -0.960
 5     0.600     0.750    -0.280
 5     0.790    -0.620     0.040
 6   123.625    36.318    48.752
 6     0.340     0.280     0.900
 6    -0.920     0.280     0.260
 6    -0.180    -0.920     0.350
 7   110.380   -22.260    -2.976
 7     0.730    -0.590     0.340
 7     0.630     0.380    -0.680
 7     0.270     0.710     0.650
 8   110.032   -31.627    25.179
 8    -0.180     0.250    -0.950
 8    -0.740     0.610     0.300
 8     0.650     0.750     0.070
 9   124.861   -39.437    50.476
 9     0.330    -0.100     0.940
 9     0.940     0.170    -0.310
 9    -0.130     0.980     0.150
 2    83.278    -4.095    58.959
 2     0.680     0.730     0.020
 2    -0.730     0.680    -0.030
 2    -0.030     0.000     1.000
 3   123.102    -1.596     1.550
 3    -0.550    -0.000    -0.830
 3    -0.020    -1.000     0.020
 3    -0.830     0.030     0.550
 4   111.176    18.987    -1.261
 4     0.720     0.650     0.250
 4    -0.620     0.440     0.650
 4     0.310    -0.620     0.720
 5   109.679    25.834    27.913
 5    -0.150    -0.280    -0.950
 5     0.530     0.790    -0.320
 5     0.830    -0.550     0.030
 6   123.170    37.876    48.334
 6     0.340     0.320     0.880
 6    -0.930     0.220     0.280
 6    -0.110    -0.920     0.370
 7   110.428   -22.214    -3.022
 7     0.730    -0.590     0.340
 7     0.620     0.380    -0.680
 7     0.270     0.710     0.650
 8   109.775   -32.276    24.723
 8    -0.180     0.270    -0.940
 8    -0.720     0.610     0.320
 8     0.670     0.740     0.090
 9   124.532   -41.002    49.892
 9     0.330    -0.150     0.930
 9     0.940     0.130    -0.320
 9    -0.070     0.980     0.180
 2    83.279    -4.096    58.959
 2     0.680     0.730     0.020
 2    -0.730     0.680    -0.030
 2    -0.040     0.000     1.000
 3   123.204    -1.500     1.498
 3    -0.550    -0.000    -0.830
 3    -0.020    -1.000     0.020
 3    -0.830     0.030     0.550
 4   111.174    18.941    -1.222
 4     0.720     0.640     0.260
 4    -0.620     0.430     0.660
 4     0.310    -0.640     0.710
 5   109.358    26.950    27.429
 5    -0.150    -0.340    -0.930
 5     0.470     0.800    -0.380
 5     0.870    -0.490     0.040
 6   122.694    40.336    47.295
 6     0.340     0.380     0.860
 6    -0.940     0.180     0.290
 6    -0.050    -0.910     0.420
 7   110.477   -22.168    -3.022
 7     0.730    -0.590     0.340
 7     0.620     0.380    -0.680
 7     0.270     0.710     0.650
 8   109.422   -33.062    24.223
 8    -0.180     0.330    -0.930
 8    -0.700     0.610     0.350
 8     0.690     0.720     0.120
 9   124.091   -43.318    48.769
 9     0.330    -0.210     0.920
 9     0.940     0.100    -0.320
 9    -0.020     0.970     0.230
 2    83.235    -4.096    59.004
 2     0.680     0.730     0.020
 2    -0.730     0.680    -0.030
 2    -0.040     0.000     1.000
 3   123.224    -1.446     1.512
 3    -0.550    -0.000    -0.840
 3    -0.020    -1.000     0.020
 3    -0.840     0.030     0.550
 4   111.174    18.941    -1.222
 4     0.720     0.640     0.260
 4    -0.620     0.430     0.660
 4     0.310    -0.640     0.710
 5   108.991    28.402    26.634
 5    -0.150    -0.420    -0.890
 5     0.410     0.790    -0.450
 5     0.900    -0.430     0.060
 6   121.478    44.472    45.167
 6     0.320     0.470     0.820
 6    -0.950     0.140     0.290
 6     0.020    -0.870     0.490
 7   110.429   -22.117    -3.156
 7     0.730    -0.590     0.340
 7     0.620     0.380    -0.680
 7     0.270     0.710     0.650
 8   109.062   -34.033    23.380
 8    -0.170     0.390    -0.910
 8    -0.670     0.630     0.400
 8     0.720     0.670     0.150
 9   123.137   -46.753    47.280
 9     0.330    -0.290     0.900
 9     0.940     0.060    -0.330
 9     0.040     0.960     0.290
 2    83.281    -4.096    59.002
 2     0.680     0.730     0.020
 2    -0.730     0.680    -0.030
 2    -0.040     0.000     1.000
 3   123.231    -1.490     1.502
 3    -0.550     0.000    -0.840
 3    -0.030    -1.000     0.020
 3    -0.840     0.030     0.550
 4   111.125    18.941    -1.263
 4     0.720     0.650     0.260
 4    -0.620     0.430     0.650
 4     0.310    -0.630     0.710
 5   108.484    29.541    25.849
 5    -0.140    -0.490    -0.860
 5     0.350     0.790    -0.500
 5     0.920    -0.380     0.060
 6   120.343    47.613    43.244
 6     0.310     0.550     0.780
 6    -0.950     0.110     0.300
 6     0.080    -0.830     0.550
 7   110.427   -21.974    -3.156
 7     0.730    -0.590     0.340
 7     0.630     0.380    -0.680
 7     0.270     0.710     0.650
 8   108.786   -34.542    22.690
 8    -0.170     0.430    -0.890
 8    -0.630     0.640     0.430
 8     0.760     0.630     0.160
 9   122.359   -49.612    45.580
 9     0.320    -0.360     0.880
 9     0.940     0.010    -0.340
 9     0.110     0.930     0.340
 2    83.281    -4.096    59.002
 2     0.680     0.730     0.020
 2    -0.730     0.680    -0.030
 2    -0.040     0.000     1.000
 3   123.232    -1.490     1.502
 3    -0.540     0.000    -0.840
 3    -0.030    -1.000     0.020
 3    -0.840     0.030     0.540
 4   110.926    18.939    -1.258
 4     0.710     0.650     0.260
 4    -0.630     0.420     0.650
 4     0.310    -0.630     0.710
 5   108.177    30.149    25.565
 5    -0.140    -0.520    -0.840
 5     0.310     0.790    -0.530
 5     0.940    -0.340     0.060
 6   118.996    49.766    41.917
 6     0.280     0.600     0.750
 6    -0.950     0.080     0.300
 6     0.120    -0.800     0.590
 7   110.379   -21.925    -3.200
 7     0.730    -0.590     0.340
 7     0.630     0.380    -0.680
 7     0.270     0.710     0.650
 8   108.673   -35.009    22.236
 8    -0.170     0.450    -0.880
 8    -0.610     0.650     0.450
 8     0.780     0.610     0.170
 9   121.472   -51.126    44.561
 9     0.300    -0.410     0.860
 9     0.940    -0.010    -0.330
 9     0.140     0.910     0.390
 2    83.281    -4.096    59.002
 2     0.680     0.730     0.020
 2    -0.730     0.680    -0.030
 2    -0.040     0.000     1.000
 3   123.232    -1.442     1.545
 3    -0.540     0.000    -0.840
 3    -0.030    -1.000     0.020
 3    -0.840     0.030     0.540
 4   110.876    18.939    -1.301
 4     0.710     0.650     0.270
 4    -0.630     0.420     0.650
 4     0.310    -0.630     0.710
 5   108.077    30.153    25.461
 5    -0.130    -0.520    -0.840
 5     0.300     0.790    -0.530
 5     0.940    -0.330     0.050
