% Calibrated with leiden_pols
% Positions are in centimeters
Data =[
 2    83.321    -4.261    58.537
 2     0.840     0.540    -0.040
 2    -0.540     0.840    -0.040
 2     0.010     0.060     1.000
 3   126.473    -0.875     3.180
 3    -0.550    -0.160    -0.820
 3     0.200    -0.980     0.050
 3    -0.810    -0.130     0.570
 4   114.882    18.458     0.156
 4     0.620     0.750     0.200
 4    -0.720     0.450     0.530
 4     0.310    -0.480     0.820
 5   114.436    22.845    25.848
 5    -0.250    -0.130    -0.960
 5     0.650     0.710    -0.270
 5     0.710    -0.700    -0.100
 6   125.603    29.545    45.825
 6     0.430     0.110     0.890
 6    -0.880    -0.190     0.450
 6     0.210    -0.980     0.010
 7   115.424   -19.347    -0.795
 7     0.790    -0.620    -0.010
 7     0.420     0.540    -0.730
 7     0.450     0.570     0.690
 8   118.586   -26.818    24.339
 8    -0.290     0.170    -0.940
 8    -0.790     0.510     0.330
 8     0.540     0.840    -0.010
 9   129.360   -31.034    46.924
 9     0.300     0.080     0.950
 9     0.950    -0.140    -0.290
 9     0.110     0.990    -0.110
 2    83.321    -4.261    58.537
 2     0.840     0.540    -0.040
 2    -0.540     0.840    -0.040
 2     0.010     0.060     1.000
 3   126.526    -0.827     3.132
 3    -0.550    -0.160    -0.820
 3     0.200    -0.980     0.050
 3    -0.810    -0.130     0.570
 4   114.826    18.451     0.126
 4     0.620     0.760     0.200
 4    -0.720     0.450     0.530
 4     0.320    -0.480     0.820
 5   114.434    22.936    25.808
 5    -0.260    -0.130    -0.960
 5     0.650     0.710    -0.270
 5     0.710    -0.690    -0.100
 6   125.645    29.633    45.791
 6     0.430     0.110     0.890
 6    -0.870    -0.190     0.450
 6     0.220    -0.980     0.010
 7   115.473   -19.300    -0.840
 7     0.790    -0.610    -0.010
 7     0.420     0.550    -0.730
 7     0.450     0.570     0.690
 8   118.686   -26.774    24.383
 8    -0.290     0.170    -0.940
 8    -0.790     0.510     0.330
 8     0.540     0.840    -0.010
 9   129.466   -31.039    46.920
 9     0.300     0.080     0.950
 9     0.950    -0.130    -0.290
 9     0.110     0.990    -0.110
 2    83.322    -4.307    58.537
 2     0.840     0.540    -0.040
 2    -0.540     0.840    -0.040
 2     0.010     0.060     1.000
 3   126.526    -0.827     3.088
 3    -0.550    -0.160    -0.820
 3     0.200    -0.980     0.050
 3    -0.810    -0.130     0.570
 4   114.879    18.405     0.082
 4     0.620     0.760     0.200
 4    -0.710     0.450     0.530
 4     0.320    -0.470     0.820
 5   114.433    22.936    25.764
 5    -0.260    -0.130    -0.960
 5     0.650     0.710    -0.270
 5     0.710    -0.690    -0.100
 6   125.643    29.728    45.746
 6     0.430     0.110     0.890
 6    -0.870    -0.190     0.450
 6     0.220    -0.980     0.010
 7   115.473   -19.300    -0.840
 7     0.790    -0.610    -0.010
 7     0.420     0.550    -0.730
 7     0.450     0.570     0.690
 8   118.737   -26.776    24.382
 8    -0.290     0.170    -0.940
 8    -0.790     0.510     0.330
 8     0.540     0.840    -0.010
 9   129.475   -31.037    46.901
 9     0.300     0.080     0.950
 9     0.950    -0.130    -0.290
 9     0.100     0.990    -0.110
 2    83.322    -4.307    58.537
 2     0.840     0.540    -0.040
 2    -0.540     0.840    -0.040
 2     0.010     0.060     1.000
 3   126.526    -0.827     3.088
 3    -0.550    -0.160    -0.820
 3     0.200    -0.980     0.050
 3    -0.810    -0.130     0.570
 4   114.829    18.452     0.083
 4     0.620     0.760     0.190
 4    -0.710     0.450     0.530
 4     0.320    -0.470     0.820
 5   114.476    22.973    25.780
 5    -0.260    -0.130    -0.960
 5     0.650     0.710    -0.270
 5     0.720    -0.690    -0.100
 6   125.696    29.729    45.743
 6     0.430     0.110     0.890
 6    -0.870    -0.190     0.450
 6     0.220    -0.980     0.010
 7   115.523   -19.302    -0.840
 7     0.790    -0.610    -0.010
 7     0.410     0.550    -0.730
 7     0.450     0.570     0.690
 8   118.787   -26.826    24.382
 8    -0.290     0.170    -0.940
 8    -0.790     0.510     0.330
 8     0.540     0.840    -0.010
 9   129.525   -31.038    46.857
 9     0.300     0.080     0.950
 9     0.950    -0.130    -0.290
 9     0.100     0.990    -0.110
 2    83.322    -4.307    58.537
 2     0.840     0.540    -0.040
 2    -0.540     0.840    -0.040
 2     0.010     0.060     1.000
 3   126.526    -0.827     3.088
 3    -0.550    -0.160    -0.820
 3     0.200    -0.980     0.050
 3    -0.810    -0.130     0.570
 4   114.829    18.452    -0.050
 4     0.620     0.760     0.190
 4    -0.710     0.450     0.530
 4     0.320    -0.470     0.820
 5   115.443    23.209    25.918
 5    -0.300    -0.150    -0.940
 5     0.650     0.690    -0.320
 5     0.700    -0.710    -0.110
 6   127.407    30.309    45.128
 6     0.470     0.120     0.880
 6    -0.860    -0.190     0.480
 6     0.220    -0.980     0.010
 7   115.523   -19.301    -0.884
 7     0.790    -0.610    -0.010
 7     0.410     0.550    -0.730
 7     0.450     0.570     0.690
 8   120.087   -26.971    24.146
 8    -0.330     0.180    -0.930
 8    -0.780     0.490     0.380
 8     0.530     0.850    -0.020
 9   131.265   -31.290    46.193
 9     0.310     0.070     0.950
 9     0.950    -0.110    -0.300
 9     0.080     0.990    -0.100
 2    83.276    -4.307    58.539
 2     0.840     0.540    -0.040
 2    -0.540     0.840    -0.040
 2     0.010     0.060     1.000
 3   126.580    -0.827     3.085
 3    -0.550    -0.160    -0.820
 3     0.200    -0.980     0.060
 3    -0.810    -0.130     0.570
 4   114.780    18.358    -0.005
 4     0.630     0.750     0.180
 4    -0.710     0.460     0.540
 4     0.320    -0.470     0.820
 5   117.250    23.670    25.517
 5    -0.370    -0.170    -0.910
 5     0.630     0.670    -0.390
 5     0.680    -0.720    -0.140
 6   130.833    31.564    43.555
 6     0.530     0.140     0.830
 6    -0.820    -0.170     0.550
 6     0.220    -0.970     0.020
 7   115.668   -19.309    -0.869
 7     0.800    -0.600    -0.030
 7     0.390     0.560    -0.730
 7     0.460     0.570     0.680
 8   121.955   -27.419    23.615
 8    -0.400     0.200    -0.890
 8    -0.770     0.460     0.450
 8     0.500     0.870    -0.030
 9   135.730   -32.057    44.426
 9     0.380     0.050     0.920
 9     0.920    -0.060    -0.380
 9     0.040     1.000    -0.070
 2    83.322    -4.307    58.537
 2     0.840     0.540    -0.040
 2    -0.540     0.840    -0.040
 2     0.010     0.060     1.000
 3   126.473    -0.826     3.091
 3    -0.550    -0.160    -0.820
 3     0.200    -0.980     0.060
 3    -0.810    -0.130     0.570
 4   114.825    18.394    -0.115
 4     0.640     0.750     0.160
 4    -0.690     0.470     0.550
 4     0.340    -0.470     0.820
 5   119.430    24.373    24.870
 5    -0.460    -0.190    -0.870
 5     0.610     0.640    -0.460
 5     0.650    -0.740    -0.180
 6   134.812    32.438    41.662
 6     0.600     0.160     0.780
 6    -0.770    -0.150     0.620
 6     0.220    -0.980     0.030
 7   115.718   -19.261    -1.049
 7     0.810    -0.590    -0.060
 7     0.370     0.570    -0.730
 7     0.460     0.570     0.680
 8   123.970   -27.485    22.675
 8    -0.490     0.210    -0.850
 8    -0.740     0.420     0.530
 8     0.460     0.890    -0.050
 9   140.368   -31.994    42.202
 9     0.460     0.050     0.880
 9     0.890    -0.030    -0.460
 9     0.000     1.000    -0.050
 2    83.274    -4.306    58.494
 2     0.840     0.540    -0.040
 2    -0.540     0.840    -0.040
 2     0.010     0.060     1.000
 3   126.473    -0.825     3.046
 3    -0.550    -0.160    -0.820
 3     0.200    -0.980     0.050
 3    -0.810    -0.130     0.570
 4   114.775    18.389    -0.236
 4     0.650     0.750     0.140
 4    -0.670     0.470     0.570
 4     0.350    -0.460     0.810
 5   121.226    25.132    24.224
 5    -0.530    -0.210    -0.820
 5     0.580     0.620    -0.530
 5     0.620    -0.760    -0.210
