% Calibrated with leiden_pols
% Positions are in centimeters
Data =[
 2    83.276    -4.307    58.539
 2     0.840     0.540    -0.040
 2    -0.540     0.840    -0.040
 2     0.010     0.060     1.000
 3   126.732    -0.976     2.556
 3    -0.560    -0.140    -0.820
 3     0.180    -0.980     0.050
 3    -0.810    -0.130     0.570
 4   115.222    18.391    -0.509
 4     0.620     0.770     0.160
 4    -0.710     0.460     0.530
 4     0.340    -0.440     0.830
 5   112.067    22.761    24.849
 5    -0.140    -0.140    -0.980
 5     0.650     0.730    -0.200
 5     0.750    -0.660    -0.010
 6   120.945    29.290    46.177
 6     0.350     0.100     0.930
 6    -0.900    -0.250     0.360
 6     0.270    -0.960     0.000
 7   115.302   -19.213    -1.233
 7     0.770    -0.640    -0.040
 7     0.430     0.560    -0.710
 7     0.480     0.520     0.710
 8   116.085   -27.161    23.631
 8    -0.160     0.170    -0.970
 8    -0.850     0.470     0.220
 8     0.490     0.870     0.070
 9   123.808   -31.829    47.136
 9     0.180     0.060     0.980
 9     0.980    -0.130    -0.170
 9     0.120     0.990    -0.080
 2    83.276    -4.307    58.539
 2     0.840     0.540    -0.040
 2    -0.540     0.840    -0.040
 2     0.010     0.060     1.000
 3   126.732    -0.927     2.556
 3    -0.560    -0.140    -0.820
 3     0.180    -0.980     0.050
 3    -0.810    -0.130     0.570
 4   115.222    18.437    -0.465
 4     0.620     0.770     0.160
 4    -0.710     0.460     0.530
 4     0.340    -0.440     0.830
 5   112.019    22.808    24.849
 5    -0.140    -0.140    -0.980
 5     0.650     0.740    -0.200
 5     0.750    -0.660    -0.010
 6   120.890    29.242    46.138
 6     0.350     0.100     0.930
 6    -0.900    -0.250     0.360
 6     0.270    -0.960     0.000
 7   115.252   -19.163    -1.233
 7     0.770    -0.640    -0.040
 7     0.430     0.560    -0.710
 7     0.480     0.520     0.710
 8   116.087   -27.161    23.675
 8    -0.160     0.170    -0.970
 8    -0.860     0.470     0.220
 8     0.490     0.870     0.070
 9   123.808   -31.829    47.136
 9     0.180     0.060     0.980
 9     0.980    -0.130    -0.170
 9     0.120     0.990    -0.080
 2    83.276    -4.307    58.539
 2     0.840     0.540    -0.040
 2    -0.540     0.840    -0.040
 2     0.010     0.060     1.000
 3   126.732    -0.928     2.600
 3    -0.560    -0.140    -0.820
 3     0.180    -0.980     0.050
 3    -0.810    -0.130     0.570
 4   115.173    18.437    -0.464
 4     0.620     0.770     0.160
 4    -0.710     0.460     0.530
 4     0.340    -0.440     0.830
 5   112.019    22.808    24.849
 5    -0.140    -0.140    -0.980
 5     0.650     0.740    -0.200
 5     0.750    -0.660    -0.010
 6   120.944    29.242    46.178
 6     0.350     0.100     0.930
 6    -0.900    -0.250     0.360
 6     0.270    -0.960     0.000
 7   115.252   -19.212    -1.189
 7     0.770    -0.640    -0.040
 7     0.430     0.560    -0.710
 7     0.480     0.520     0.710
 8   116.037   -27.159    23.676
 8    -0.160     0.170    -0.970
 8    -0.860     0.470     0.220
 8     0.490     0.870     0.070
 9   123.804   -31.827    47.093
 9     0.180     0.060     0.980
 9     0.980    -0.130    -0.170
 9     0.120     0.990    -0.080
 2    83.274    -4.306    58.494
 2     0.840     0.540    -0.040
 2    -0.540     0.840    -0.040
 2     0.010     0.060     1.000
 3   126.732    -0.927     2.556
 3    -0.560    -0.140    -0.820
 3     0.180    -0.980     0.050
 3    -0.810    -0.130     0.570
 4   115.222    18.437    -0.465
 4     0.620     0.770     0.160
 4    -0.710     0.460     0.530
 4     0.340    -0.440     0.830
 5   112.020    22.808    24.893
 5    -0.140    -0.140    -0.980
 5     0.650     0.740    -0.200
 5     0.750    -0.660    -0.010
 6   120.889    29.195    46.138
 6     0.350     0.100     0.930
 6    -0.900    -0.250     0.360
 6     0.270    -0.960     0.000
 7   115.252   -19.163    -1.233
 7     0.770    -0.640    -0.040
 7     0.430     0.560    -0.710
 7     0.480     0.520     0.710
 8   116.035   -27.159    23.631
 8    -0.160     0.170    -0.970
 8    -0.860     0.470     0.220
 8     0.490     0.870     0.070
 9   123.809   -31.876    47.136
 9     0.180     0.060     0.980
 9     0.980    -0.130    -0.170
 9     0.120     0.990    -0.080
 2    83.274    -4.306    58.494
 2     0.840     0.540    -0.040
 2    -0.540     0.840    -0.040
 2     0.010     0.060     1.000
 3   126.732    -0.928     2.600
 3    -0.560    -0.140    -0.820
 3     0.180    -0.980     0.050
 3    -0.810    -0.130     0.570
 4   115.222    18.343    -0.509
 4     0.620     0.770     0.160
 4    -0.710     0.460     0.530
 4     0.340    -0.440     0.830
 5   112.020    22.761    24.894
 5    -0.140    -0.140    -0.980
 5     0.650     0.740    -0.200
 5     0.750    -0.660    -0.010
 6   120.897    29.195    46.224
 6     0.350     0.100     0.930
 6    -0.900    -0.250     0.360
 6     0.270    -0.960     0.000
 7   115.254   -19.211    -1.189
 7     0.770    -0.640    -0.040
 7     0.430     0.560    -0.710
 7     0.480     0.530     0.710
 8   116.034   -27.158    23.588
 8    -0.160     0.170    -0.970
 8    -0.860     0.470     0.220
 8     0.490     0.870     0.070
 9   123.701   -31.827    47.142
 9     0.170     0.060     0.980
 9     0.980    -0.130    -0.170
 9     0.120     0.990    -0.080
 2    83.322    -4.307    58.537
 2     0.840     0.540    -0.040
 2    -0.540     0.840    -0.040
 2     0.010     0.060     1.000
 3   126.735    -0.927     2.600
 3    -0.560    -0.140    -0.820
 3     0.180    -0.980     0.050
 3    -0.810    -0.120     0.570
 4   115.273    18.391    -0.466
 4     0.620     0.770     0.160
 4    -0.710     0.460     0.530
 4     0.340    -0.440     0.830
 5   112.175    22.818    24.918
 5    -0.140    -0.140    -0.980
 5     0.650     0.730    -0.200
 5     0.740    -0.670    -0.010
 6   120.948    29.242    46.221
 6     0.350     0.100     0.930
 6    -0.900    -0.250     0.360
 6     0.270    -0.960     0.000
 7   115.308   -19.209    -1.161
 7     0.770    -0.640    -0.040
 7     0.430     0.560    -0.710
 7     0.470     0.530     0.710
 8   116.038   -27.158    23.628
 8    -0.150     0.170    -0.970
 8    -0.860     0.470     0.220
 8     0.490     0.870     0.070
 9   123.754   -31.829    47.140
 9     0.170     0.060     0.980
 9     0.980    -0.130    -0.160
 9     0.120     0.990    -0.080
 2    83.276    -4.307    58.539
 2     0.840     0.540    -0.040
 2    -0.540     0.840    -0.040
 2     0.010     0.060     1.000
 3   126.735    -0.927     2.600
 3    -0.560    -0.140    -0.820
 3     0.180    -0.980     0.050
 3    -0.810    -0.120     0.570
 4   115.222    18.391    -0.465
 4     0.620     0.770     0.160
 4    -0.710     0.460     0.530
 4     0.340    -0.440     0.830
 5   112.276    22.817    24.959
 5    -0.140    -0.140    -0.980
 5     0.660     0.730    -0.200
 5     0.740    -0.670    -0.010
 6   121.206    29.240    46.214
 6     0.350     0.100     0.930
 6    -0.900    -0.250     0.360
 6     0.270    -0.960     0.010
 7   115.309   -19.208    -1.161
 7     0.770    -0.640    -0.040
 7     0.430     0.560    -0.710
 7     0.470     0.530     0.700
 8   116.235   -27.167    23.674
 8    -0.160     0.170    -0.970
 8    -0.860     0.470     0.220
 8     0.490     0.870     0.070
 9   123.863   -31.883    47.181
 9     0.170     0.060     0.980
 9     0.980    -0.130    -0.170
 9     0.120     0.990    -0.080
 2    83.276    -4.307    58.539
 2     0.840     0.540    -0.040
 2    -0.540     0.840    -0.040
 2     0.010     0.060     1.000
 3   126.735    -0.976     2.601
 3    -0.560    -0.140    -0.820
 3     0.180    -0.980     0.050
 3    -0.810    -0.120     0.570
 4   115.222    18.437    -0.421
 4     0.620     0.770     0.160
 4    -0.710     0.460     0.530
 4     0.340    -0.440     0.830
 5   112.530    22.918    24.987
 5    -0.150    -0.140    -0.980
 5     0.660     0.720    -0.210
 5     0.730    -0.680    -0.010
