% Calibrated with leiden_pols
% Positions are in centimeters
Data =[
 2    83.322    -4.307    58.537
 2     0.840     0.540    -0.040
 2    -0.540     0.840    -0.040
 2     0.010     0.060     1.000
 3   123.271    -1.621     2.358
 3    -0.610    -0.140    -0.780
 3     0.170    -0.980     0.050
 3    -0.770    -0.100     0.630
 4   111.388    17.756    -0.181
 4     0.650     0.750     0.120
 4    -0.650     0.480     0.590
 4     0.380    -0.460     0.800
 5   113.041    24.994    24.174
 5    -0.350    -0.200    -0.910
 5     0.730     0.550    -0.410
 5     0.590    -0.810    -0.050
 6   127.654    30.618    42.822
 6     0.550     0.040     0.830
 6    -0.830    -0.070     0.560
 6     0.080    -1.000    -0.010
 7   111.453   -19.647    -0.926
 7     0.770    -0.630    -0.080
 7     0.370     0.550    -0.750
 7     0.510     0.550     0.660
 8   116.186   -28.687    23.089
 8    -0.350     0.220    -0.910
 8    -0.820     0.390     0.410
 8     0.440     0.900     0.040
 9   130.126   -32.298    44.515
 9     0.380     0.120     0.920
 9     0.920     0.060    -0.380
 9    -0.100     0.990    -0.090
 2    83.276    -4.307    58.539
 2     0.840     0.540    -0.040
 2    -0.540     0.840    -0.040
 2     0.010     0.060     1.000
 3   123.325    -1.622     2.356
 3    -0.610    -0.140    -0.780
 3     0.170    -0.980     0.050
 3    -0.770    -0.100     0.630
 4   111.436    17.803    -0.181
 4     0.650     0.750     0.120
 4    -0.660     0.470     0.590
 4     0.380    -0.460     0.800
 5   112.648    25.043    24.274
 5    -0.340    -0.210    -0.920
 5     0.730     0.550    -0.390
 5     0.590    -0.810    -0.030
 6   126.985    30.801    43.077
 6     0.540     0.050     0.840
 6    -0.840    -0.070     0.540
 6     0.080    -1.000     0.000
 7   111.454   -19.694    -0.926
 7     0.770    -0.630    -0.080
 7     0.370     0.550    -0.750
 7     0.510     0.550     0.660
 8   115.785   -28.720    23.104
 8    -0.340     0.220    -0.910
 8    -0.830     0.390     0.400
 8     0.450     0.890     0.050
 9   129.288   -32.514    44.725
 9     0.360     0.120     0.920
 9     0.930     0.060    -0.370
 9    -0.100     0.990    -0.090
 2    83.322    -4.307    58.537
 2     0.840     0.540    -0.040
 2    -0.540     0.840    -0.040
 2     0.010     0.060     1.000
 3   123.377    -1.623     2.353
 3    -0.610    -0.140    -0.780
 3     0.170    -0.980     0.040
 3    -0.770    -0.100     0.620
 4   111.435    17.803    -0.183
 4     0.650     0.750     0.120
 4    -0.660     0.470     0.590
 4     0.380    -0.470     0.800
 5   112.452    25.097    24.266
 5    -0.320    -0.210    -0.920
 5     0.740     0.560    -0.390
 5     0.590    -0.800    -0.030
 6   126.401    30.884    43.207
 6     0.530     0.050     0.850
 6    -0.840    -0.070     0.530
 6     0.090    -1.000     0.000
 7   111.502   -19.649    -0.926
 7     0.770    -0.630    -0.080
 7     0.370     0.550    -0.750
 7     0.510     0.550     0.660
 8   115.588   -28.901    23.016
 8    -0.330     0.230    -0.920
 8    -0.830     0.390     0.400
 8     0.450     0.890     0.060
 9   128.918   -32.646    44.785
 9     0.350     0.110     0.930
 9     0.930     0.060    -0.360
 9    -0.100     0.990    -0.080
 2    83.322    -4.307    58.537
 2     0.840     0.540    -0.040
 2    -0.540     0.840    -0.040
 2     0.010     0.060     1.000
 3   123.375    -1.623     2.308
 3    -0.610    -0.140    -0.780
 3     0.170    -0.980     0.040
 3    -0.770    -0.110     0.620
 4   111.435    17.803    -0.183
 4     0.650     0.750     0.130
 4    -0.660     0.470     0.590
 4     0.380    -0.470     0.800
 5   112.148    25.092    24.200
 5    -0.310    -0.210    -0.930
 5     0.740     0.560    -0.370
 5     0.600    -0.800    -0.020
 6   125.678    30.876    43.468
 6     0.520     0.050     0.850
 6    -0.850    -0.070     0.520
 6     0.090    -1.000     0.010
 7   111.551   -19.602    -0.971
 7     0.770    -0.630    -0.080
 7     0.370     0.550    -0.740
 7     0.510     0.550     0.660
 8   115.144   -29.022    22.882
 8    -0.310     0.230    -0.920
 8    -0.840     0.390     0.380
 8     0.450     0.890     0.070
 9   128.229   -32.866    44.918
 9     0.340     0.110     0.930
 9     0.930     0.060    -0.350
 9    -0.090     0.990    -0.080
 2    83.322    -4.307    58.537
 2     0.840     0.540    -0.040
 2    -0.540     0.840    -0.040
 2     0.010     0.060     1.000
 3   123.389    -1.568     2.275
 3    -0.610    -0.140    -0.780
 3     0.170    -0.980     0.040
 3    -0.780    -0.110     0.620
 4   111.385    17.755    -0.272
 4     0.650     0.750     0.130
 4    -0.660     0.460     0.590
 4     0.380    -0.470     0.790
 5   111.698    25.151    23.856
 5    -0.280    -0.220    -0.940
 5     0.750     0.560    -0.350
 5     0.600    -0.800     0.010
 6   124.532    31.207    43.561
 6     0.490     0.050     0.870
 6    -0.870    -0.060     0.500
 6     0.080    -1.000     0.020
 7   111.551   -19.554    -1.015
 7     0.770    -0.630    -0.080
 7     0.380     0.550    -0.740
 7     0.510     0.550     0.660
 8   114.546   -29.038    22.616
 8    -0.280     0.250    -0.930
 8    -0.850     0.390     0.360
 8     0.450     0.890     0.100
 9   126.636   -33.814    44.868
 9     0.320     0.080     0.940
 9     0.940     0.060    -0.320
 9    -0.080     0.990    -0.060
 2    83.322    -4.307    58.537
 2     0.840     0.540    -0.040
 2    -0.540     0.840    -0.040
 2     0.010     0.060     1.000
 3   123.442    -1.518     2.226
 3    -0.600    -0.140    -0.780
 3     0.170    -0.980     0.040
 3    -0.780    -0.110     0.620
 4   111.434    17.755    -0.274
 4     0.650     0.750     0.140
 4    -0.660     0.460     0.590
 4     0.380    -0.480     0.790
 5   110.871    25.753    23.392
 5    -0.230    -0.240    -0.940
 5     0.780     0.540    -0.330
 5     0.580    -0.810     0.060
 6   122.933    32.066    43.521
 6     0.450     0.060     0.890
 6    -0.890    -0.020     0.460
 6     0.050    -1.000     0.040
 7   111.601   -19.555    -1.059
 7     0.770    -0.630    -0.070
 7     0.380     0.550    -0.740
 7     0.510     0.550     0.660
 8   113.410   -29.607    22.332
 8    -0.230     0.280    -0.930
 8    -0.860     0.400     0.330
 8     0.470     0.870     0.140
 9   124.165   -35.020    44.895
 9     0.270     0.060     0.960
 9     0.960     0.050    -0.280
 9    -0.070     1.000    -0.040
 2    83.276    -4.307    58.539
 2     0.840     0.540    -0.040
 2    -0.540     0.840    -0.040
 2     0.010     0.060     1.000
 3   123.390    -1.517     2.229
 3    -0.600    -0.140    -0.790
 3     0.170    -0.980     0.040
 3    -0.780    -0.110     0.620
 4   111.435    17.755    -0.361
 4     0.650     0.750     0.140
 4    -0.660     0.460     0.590
 4     0.380    -0.470     0.790
 5   110.281    26.280    23.048
 5    -0.200    -0.260    -0.950
 5     0.790     0.530    -0.310
 5     0.580    -0.810     0.100
 6   121.535    32.772    43.443
 6     0.420     0.070     0.900
 6    -0.910     0.000     0.420
 6     0.030    -1.000     0.060
 7   111.647   -19.414    -1.149
 7     0.770    -0.630    -0.070
 7     0.380     0.550    -0.740
 7     0.510     0.550     0.670
 8   112.271   -29.789    21.857
 8    -0.180     0.300    -0.940
 8    -0.860     0.420     0.300
 8     0.480     0.860     0.180
 9   121.906   -36.270    44.748
 9     0.240     0.030     0.970
 9     0.970     0.040    -0.240
 9    -0.050     1.000    -0.020
 2    83.276    -4.307    58.539
 2     0.840     0.540    -0.040
 2    -0.540     0.840    -0.040
 2     0.010     0.060     1.000
 3   123.390    -1.563     2.096
 3    -0.600    -0.140    -0.790
 3     0.170    -0.980     0.040
 3    -0.780    -0.110     0.610
 4   111.485    17.661    -0.537
 4     0.650     0.750     0.130
 4    -0.660     0.470     0.590
 4     0.380    -0.470     0.800
 5   109.442    26.689    22.199
 5    -0.160    -0.280    -0.950
 5     0.810     0.510    -0.280
 5     0.560    -0.810     0.150
