% Calibrated with leiden_pols
% Positions are in centimeters
Data =[
 2    83.321    -4.261    58.537
 2     0.840     0.540    -0.040
 2    -0.540     0.840    -0.040
 2     0.010     0.060     1.000
 3   125.011    -1.469     2.807
 3    -0.540    -0.150    -0.830
 3     0.170    -0.980     0.070
 3    -0.830    -0.100     0.550
 4   113.243    17.792    -0.500
 4     0.650     0.750     0.160
 4    -0.690     0.490     0.530
 4     0.320    -0.450     0.830
 5   113.666    24.937    24.108
 5    -0.310    -0.190    -0.930
 5     0.770     0.530    -0.360
 5     0.560    -0.830    -0.020
 6   126.792    30.413    43.630
 6     0.500     0.050     0.860
 6    -0.860    -0.080     0.500
 6     0.090    -1.000    -0.000
 7   113.248   -19.786    -1.073
 7     0.780    -0.620    -0.010
 7     0.430     0.560    -0.710
 7     0.440     0.550     0.710
 8   118.655   -28.091    23.162
 8    -0.380     0.170    -0.910
 8    -0.870     0.280     0.410
 8     0.330     0.940     0.040
 9   131.723   -30.885    45.060
 9     0.340     0.130     0.930
 9     0.930     0.090    -0.350
 9    -0.130     0.990    -0.090
 2    83.321    -4.261    58.537
 2     0.840     0.540    -0.040
 2    -0.540     0.840    -0.040
 2     0.010     0.060     1.000
 3   125.063    -1.518     2.804
 3    -0.540    -0.150    -0.830
 3     0.170    -0.980     0.070
 3    -0.830    -0.100     0.550
 4   113.241    17.792    -0.501
 4     0.640     0.750     0.160
 4    -0.690     0.480     0.530
 4     0.320    -0.460     0.830
 5   113.618    24.986    24.109
 5    -0.300    -0.190    -0.930
 5     0.770     0.530    -0.360
 5     0.560    -0.830    -0.010
 6   126.677    30.453    43.649
 6     0.500     0.050     0.860
 6    -0.860    -0.080     0.500
 6     0.100    -1.000     0.000
 7   113.248   -19.738    -1.073
 7     0.780    -0.620    -0.010
 7     0.430     0.560    -0.710
 7     0.440     0.550     0.710
 8   118.654   -28.138    23.119
 8    -0.380     0.170    -0.910
 8    -0.870     0.280     0.410
 8     0.330     0.940     0.040
 9   131.671   -30.980    45.062
 9     0.340     0.130     0.930
 9     0.930     0.090    -0.350
 9    -0.130     0.990    -0.090
 2    83.321    -4.261    58.537
 2     0.840     0.540    -0.040
 2    -0.540     0.840    -0.040
 2     0.010     0.060     1.000
 3   125.060    -1.518     2.759
 3    -0.540    -0.150    -0.830
 3     0.170    -0.980     0.070
 3    -0.830    -0.110     0.550
 4   113.241    17.792    -0.501
 4     0.640     0.750     0.160
 4    -0.690     0.480     0.530
 4     0.320    -0.460     0.830
 5   113.567    24.987    24.066
 5    -0.300    -0.190    -0.930
 5     0.770     0.530    -0.360
 5     0.560    -0.830    -0.010
 6   126.575    30.452    43.697
 6     0.500     0.050     0.870
 6    -0.860    -0.080     0.500
 6     0.100    -1.000     0.000
 7   113.297   -19.740    -1.028
 7     0.780    -0.620    -0.010
 7     0.430     0.560    -0.710
 7     0.440     0.550     0.710
 8   118.605   -28.137    23.163
 8    -0.380     0.170    -0.910
 8    -0.870     0.280     0.410
 8     0.330     0.940     0.040
 9   131.623   -31.028    45.108
 9     0.340     0.130     0.930
 9     0.930     0.090    -0.350
 9    -0.130     0.990    -0.090
 2    83.321    -4.261    58.537
 2     0.840     0.540    -0.040
 2    -0.540     0.840    -0.040
 2     0.010     0.060     1.000
 3   125.114    -1.518     2.756
 3    -0.540    -0.150    -0.830
 3     0.170    -0.980     0.070
 3    -0.830    -0.110     0.550
 4   113.293    17.792    -0.503
 4     0.650     0.750     0.160
 4    -0.690     0.480     0.530
 4     0.320    -0.460     0.830
 5   113.624    25.144    23.870
 5    -0.280    -0.200    -0.940
 5     0.790     0.520    -0.340
 5     0.550    -0.830     0.010
 6   126.522    30.452    43.700
 6     0.500     0.050     0.870
 6    -0.860    -0.080     0.500
 6     0.100    -1.000     0.000
 7   113.297   -19.740    -1.073
 7     0.780    -0.620    -0.010
 7     0.430     0.560    -0.710
 7     0.440     0.550     0.710
 8   118.460   -28.217    22.922
 8    -0.350     0.180    -0.920
 8    -0.880     0.270     0.390
 8     0.320     0.950     0.070
 9   131.519   -31.074    45.155
 9     0.340     0.130     0.930
 9     0.930     0.090    -0.350
 9    -0.130     0.990    -0.090
 2    83.321    -4.261    58.537
 2     0.840     0.540    -0.040
 2    -0.540     0.840    -0.040
 2     0.010     0.060     1.000
 3   125.115    -1.470     2.798
 3    -0.530    -0.150    -0.830
 3     0.170    -0.980     0.060
 3    -0.830    -0.110     0.550
 4   113.241    17.746    -0.460
 4     0.650     0.740     0.170
 4    -0.690     0.480     0.540
 4     0.320    -0.470     0.820
 5   113.339    25.597    23.536
 5    -0.250    -0.210    -0.950
 5     0.810     0.490    -0.320
 5     0.530    -0.840     0.050
 6   125.354    31.141    43.616
 6     0.460     0.050     0.880
 6    -0.880    -0.030     0.470
 6     0.050    -1.000     0.030
 7   113.396   -19.696    -1.074
 7     0.790    -0.620    -0.010
 7     0.430     0.560    -0.710
 7     0.440     0.550     0.700
 8   117.908   -28.196    22.981
 8    -0.320     0.190    -0.930
 8    -0.890     0.280     0.360
 8     0.330     0.940     0.080
 9   129.765   -32.032    45.338
 9     0.300     0.110     0.950
 9     0.940     0.090    -0.310
 9    -0.120     0.990    -0.080
 2    83.322    -4.307    58.537
 2     0.840     0.540    -0.040
 2    -0.540     0.840    -0.040
 2     0.010     0.060     1.000
 3   125.118    -1.417     2.792
 3    -0.530    -0.150    -0.830
 3     0.180    -0.980     0.060
 3    -0.830    -0.110     0.550
 4   113.291    17.746    -0.461
 4     0.650     0.740     0.170
 4    -0.690     0.470     0.540
 4     0.320    -0.470     0.820
 5   112.442    25.941    23.200
 5    -0.210    -0.240    -0.950
 5     0.820     0.480    -0.310
 5     0.530    -0.840     0.090
 6   123.869    31.992    43.843
 6     0.430     0.060     0.900
 6    -0.900    -0.010     0.430
 6     0.030    -1.000     0.050
 7   113.496   -19.555    -1.120
 7     0.790    -0.620    -0.000
 7     0.430     0.550    -0.710
 7     0.440     0.560     0.700
 8   116.618   -28.808    22.867
 8    -0.260     0.220    -0.940
 8    -0.910     0.290     0.310
 8     0.340     0.930     0.130
 9   127.121   -33.289    45.556
 9     0.250     0.080     0.960
 9     0.960     0.100    -0.260
 9    -0.110     0.990    -0.050
 2    83.322    -4.307    58.537
 2     0.840     0.540    -0.040
 2    -0.540     0.840    -0.040
 2     0.010     0.060     1.000
 3   125.169    -1.321     2.788
 3    -0.530    -0.150    -0.830
 3     0.180    -0.980     0.060
 3    -0.830    -0.120     0.550
 4   113.239    17.745    -0.548
 4     0.640     0.750     0.170
 4    -0.690     0.470     0.540
 4     0.320    -0.470     0.820
 5   111.546    26.710    22.597
 5    -0.170    -0.270    -0.950
 5     0.830     0.480    -0.290
 5     0.530    -0.840     0.140
 6   122.073    33.069    43.490
 6     0.400     0.080     0.910
 6    -0.920     0.010     0.400
 6     0.020    -1.000     0.070
 7   113.595   -19.511    -1.163
 7     0.780    -0.620    -0.000
 7     0.430     0.550    -0.710
 7     0.440     0.560     0.700
 8   115.516   -29.328    22.355
 8    -0.210     0.250    -0.950
 8    -0.910     0.290     0.280
 8     0.350     0.920     0.170
 9   124.709   -34.406    45.654
 9     0.200     0.060     0.980
 9     0.970     0.100    -0.210
 9    -0.110     0.990    -0.040
 2    83.321    -4.261    58.537
 2     0.840     0.540    -0.040
 2    -0.540     0.840    -0.040
 2     0.010     0.060     1.000
 3   125.169    -1.269     2.782
 3    -0.530    -0.150    -0.840
 3     0.190    -0.980     0.050
 3    -0.830    -0.130     0.550
 4   113.288    17.745    -0.548
 4     0.640     0.750     0.170
 4    -0.700     0.470     0.540
 4     0.320    -0.470     0.820
 5   110.598    27.005    22.041
 5    -0.130    -0.290    -0.950
 5     0.840     0.480    -0.260
 5     0.530    -0.830     0.180
