% Calibrated with leiden_pols
% Positions are in centimeters
Data =[
 2    67.764    -4.437    58.493
 2     0.640     0.760    -0.100
 2    -0.770     0.640     0.020
 2     0.080     0.060     0.990
 3   115.128    -1.620     1.851
 3    -0.420    -0.100    -0.900
 3     0.060    -0.990     0.090
 3    -0.910    -0.020     0.420
 4   102.300    13.238    -5.701
 4     0.590    -0.640    -0.490
 4     0.750     0.660     0.040
 4     0.300    -0.390     0.870
 5    99.827    19.910    20.411
 5    -0.020    -0.150    -0.990
 5     0.520     0.840    -0.140
 5     0.860    -0.510     0.060
 6   116.039    26.360    45.172
 6     0.340     0.040     0.940
 6    -0.870     0.400     0.300
 6    -0.370    -0.910     0.170
 7   103.065   -19.292    -4.738
 7     0.720     0.360    -0.590
 7    -0.590     0.780    -0.240
 7     0.370     0.520     0.770
 8   101.167   -26.075    22.262
 8    -0.080     0.120    -0.990
 8    -0.600     0.780     0.140
 8     0.790     0.610     0.010
 9   118.084   -32.457    44.178
 9     0.400     0.010     0.910
 9     0.800     0.480    -0.360
 9    -0.450     0.870     0.180
 2    67.720    -4.437    58.495
 2     0.640     0.760    -0.100
 2    -0.770     0.640     0.020
 2     0.080     0.060     0.990
 3   115.128    -1.525     1.895
 3    -0.420    -0.100    -0.900
 3     0.060    -0.990     0.090
 3    -0.910    -0.020     0.420
 4   102.348    13.285    -5.702
 4     0.590    -0.640    -0.490
 4     0.750     0.660     0.040
 4     0.300    -0.390     0.870
 5    99.826    19.910    20.367
 5    -0.020    -0.150    -0.990
 5     0.510     0.850    -0.140
 5     0.860    -0.510     0.060
 6   116.093    26.360    45.212
 6     0.340     0.040     0.940
 6    -0.870     0.400     0.300
 6    -0.370    -0.910     0.170
 7   103.065   -19.292    -4.738
 7     0.720     0.370    -0.590
 7    -0.590     0.770    -0.240
 7     0.370     0.520     0.770
 8   101.261   -26.172    22.218
 8    -0.080     0.120    -0.990
 8    -0.610     0.780     0.140
 8     0.790     0.610     0.010
 9   118.193   -32.457    44.111
 9     0.400     0.010     0.920
 9     0.790     0.490    -0.360
 9    -0.460     0.870     0.190
 2    67.764    -4.482    58.450
 2     0.640     0.760    -0.100
 2    -0.770     0.640     0.020
 2     0.080     0.060     0.990
 3   115.179    -1.574     1.892
 3    -0.420    -0.100    -0.900
 3     0.060    -0.990     0.090
 3    -0.910    -0.020     0.420
 4   102.347    13.285    -5.656
 4     0.590    -0.640    -0.490
 4     0.750     0.660     0.040
 4     0.300    -0.390     0.870
 5    99.872    19.910    20.367
 5    -0.020    -0.150    -0.990
 5     0.510     0.850    -0.140
 5     0.860    -0.510     0.060
 6   116.039    26.359    45.171
 6     0.340     0.040     0.940
 6    -0.860     0.410     0.300
 6    -0.370    -0.910     0.170
 7   103.065   -19.244    -4.829
 7     0.720     0.370    -0.590
 7    -0.590     0.770    -0.240
 7     0.370     0.520     0.770
 8   101.261   -26.172    22.218
 8    -0.080     0.120    -0.990
 8    -0.610     0.780     0.140
 8     0.790     0.610     0.010
 9   118.241   -32.457    44.065
 9     0.400     0.010     0.920
 9     0.790     0.490    -0.360
 9    -0.460     0.870     0.190
 2    67.763    -4.436    58.450
 2     0.640     0.760    -0.100
 2    -0.770     0.640     0.020
 2     0.080     0.060     0.990
 3   115.161    -1.532     1.935
 3    -0.420    -0.100    -0.900
 3     0.060    -0.990     0.090
 3    -0.900    -0.020     0.420
 4   102.348    13.238    -5.701
 4     0.590    -0.640    -0.490
 4     0.750     0.660     0.040
 4     0.300    -0.390     0.870
 5    99.827    19.910    20.411
 5    -0.020    -0.150    -0.990
 5     0.510     0.850    -0.140
 5     0.860    -0.510     0.060
 6   116.094    26.360    45.212
 6     0.340     0.040     0.940
 6    -0.860     0.400     0.300
 6    -0.370    -0.910     0.170
 7   103.112   -19.246    -4.784
 7     0.720     0.370    -0.590
 7    -0.590     0.770    -0.240
 7     0.370     0.520     0.770
 8   101.261   -26.172    22.218
 8    -0.080     0.120    -0.990
 8    -0.610     0.780     0.140
 8     0.790     0.610     0.010
 9   118.241   -32.457    44.065
 9     0.400     0.010     0.920
 9     0.790     0.490    -0.360
 9    -0.460     0.870     0.190
 2    67.764    -4.482    58.450
 2     0.640     0.760    -0.100
 2    -0.770     0.640     0.020
 2     0.080     0.060     0.990
 3   115.179    -1.525     1.892
 3    -0.420    -0.100    -0.900
 3     0.060    -0.990     0.090
 3    -0.910    -0.020     0.420
 4   102.347    13.285    -5.656
 4     0.590    -0.640    -0.490
 4     0.750     0.660     0.040
 4     0.300    -0.390     0.870
 5    99.873    19.909    20.411
 5    -0.020    -0.150    -0.990
 5     0.510     0.850    -0.140
 5     0.860    -0.510     0.060
 6   116.093    26.313    45.213
 6     0.340     0.040     0.940
 6    -0.870     0.400     0.300
 6    -0.370    -0.910     0.170
 7   103.066   -19.292    -4.829
 7     0.720     0.370    -0.590
 7    -0.590     0.770    -0.240
 7     0.370     0.520     0.770
 8   101.265   -26.217    22.213
 8    -0.070     0.110    -0.990
 8    -0.610     0.780     0.130
 8     0.790     0.610     0.010
 9   118.180   -32.407    44.086
 9     0.400     0.010     0.920
 9     0.790     0.490    -0.360
 9    -0.450     0.870     0.190
 2    67.764    -4.482    58.450
 2     0.640     0.760    -0.100
 2    -0.770     0.640     0.020
 2     0.080     0.060     0.990
 3   115.179    -1.575     1.937
 3    -0.420    -0.100    -0.900
 3     0.060    -0.990     0.090
 3    -0.910    -0.020     0.420
 4   102.394    13.285    -5.657
 4     0.590    -0.640    -0.490
 4     0.750     0.660     0.040
 4     0.300    -0.390     0.870
 5    99.735    19.764    20.334
 5    -0.000    -0.150    -0.990
 5     0.500     0.860    -0.130
 5     0.870    -0.500     0.070
 6   115.978    26.354    45.187
 6     0.340     0.040     0.940
 6    -0.870     0.400     0.300
 6    -0.360    -0.920     0.170
 7   103.111   -19.246    -4.738
 7     0.720     0.370    -0.590
 7    -0.590     0.770    -0.240
 7     0.370     0.510     0.770
 8   100.885   -26.013    22.005
 8    -0.050     0.100    -0.990
 8    -0.580     0.810     0.110
 8     0.810     0.580     0.020
 9   117.796   -32.594    44.304
 9     0.410     0.000     0.910
 9     0.820     0.440    -0.370
 9    -0.410     0.900     0.180
 2    67.763    -4.436    58.450
 2     0.640     0.760    -0.100
 2    -0.770     0.640     0.020
 2     0.080     0.060     0.990
 3   115.179    -1.525     1.892
 3    -0.420    -0.100    -0.900
 3     0.060    -0.990     0.090
 3    -0.910    -0.020     0.420
 4   102.300    13.243    -5.667
 4     0.600    -0.630    -0.490
 4     0.740     0.670     0.050
 4     0.290    -0.390     0.870
 5    99.362    19.790    20.234
 5     0.010    -0.160    -0.990
 5     0.450     0.880    -0.140
 5     0.890    -0.440     0.080
 6   115.216    27.521    45.059
 6     0.360     0.080     0.930
 6    -0.890     0.320     0.320
 6    -0.270    -0.940     0.180
 7   102.826   -19.050    -4.688
 7     0.730     0.340    -0.590
 7    -0.560     0.790    -0.240
 7     0.380     0.510     0.770
 8   100.313   -25.489    22.109
 8    -0.050     0.120    -0.990
 8    -0.510     0.850     0.130
 8     0.860     0.510     0.020
 9   117.259   -33.709    43.826
 9     0.440    -0.040     0.900
 9     0.830     0.400    -0.390
 9    -0.340     0.920     0.210
 2    67.764    -4.482    58.450
 2     0.640     0.760    -0.100
 2    -0.770     0.640     0.020
 2     0.080     0.060     0.990
 3   115.229    -1.476     1.627
 3    -0.410    -0.100    -0.910
 3     0.050    -0.990     0.090
 3    -0.910    -0.010     0.410
 4   101.781    13.103    -6.189
 4     0.630    -0.620    -0.470
 4     0.720     0.690     0.040
 4     0.300    -0.360     0.880
 5    98.837    20.541    19.487
 5    -0.000    -0.220    -0.980
 5     0.390     0.900    -0.200
 5     0.920    -0.380     0.080
