% Calibrated with leiden_pols
% Positions are in centimeters
Data =[
 2    67.722    -4.483    58.495
 2     0.640     0.760    -0.100
 2    -0.770     0.640     0.020
 2     0.080     0.060     0.990
 3   112.058    -1.684     0.325
 3    -0.530    -0.080    -0.850
 3     0.060    -1.000     0.060
 3    -0.850    -0.020     0.530
 4    96.698    12.305    -5.838
 4     0.620    -0.600    -0.500
 4     0.650     0.750    -0.100
 4     0.440    -0.260     0.860
 5    94.942    20.038    19.662
 5    -0.090    -0.100    -0.990
 5     0.610     0.780    -0.140
 5     0.790    -0.620    -0.010
 6   123.454    16.545    28.475
 6     0.900    -0.380     0.190
 6    -0.120     0.220     0.970
 6    -0.410    -0.900     0.150
 7    97.985   -18.896    -4.574
 7     0.690     0.320    -0.650
 7    -0.520     0.840    -0.130
 7     0.510     0.430     0.750
 8    96.711   -25.847    22.213
 8    -0.180     0.080    -0.980
 8    -0.570     0.800     0.170
 8     0.800     0.590    -0.100
 9   125.293   -22.949    29.006
 9     0.930     0.360     0.090
 9     0.070     0.070    -0.990
 9    -0.370     0.930     0.040
 2    67.720    -4.437    58.494
 2     0.640     0.760    -0.100
 2    -0.760     0.640     0.020
 2     0.080     0.060     0.990
 3   112.058    -1.733     0.369
 3    -0.520    -0.080    -0.850
 3     0.060    -1.000     0.060
 3    -0.850    -0.020     0.530
 4    96.697    12.305    -5.794
 4     0.620    -0.600    -0.500
 4     0.650     0.750    -0.100
 4     0.440    -0.260     0.860
 5    94.987    20.094    19.652
 5    -0.090    -0.100    -0.990
 5     0.620     0.780    -0.140
 5     0.780    -0.620    -0.010
 6   123.564    16.709    28.528
 6     0.900    -0.390     0.190
 6    -0.140     0.160     0.980
 6    -0.410    -0.910     0.090
 7    98.077   -18.899    -4.618
 7     0.690     0.320    -0.650
 7    -0.520     0.840    -0.130
 7     0.510     0.430     0.750
 8    96.948   -26.360    22.092
 8    -0.170     0.080    -0.980
 8    -0.610     0.770     0.170
 8     0.770     0.630    -0.080
 9   125.102   -21.739    29.555
 9     0.900     0.420     0.120
 9     0.100     0.070    -0.990
 9    -0.430     0.900     0.020
 2    67.720    -4.437    58.495
 2     0.640     0.760    -0.100
 2    -0.770     0.640     0.020
 2     0.080     0.060     0.990
 3   112.110    -1.685     0.366
 3    -0.520    -0.080    -0.850
 3     0.060    -1.000     0.060
 3    -0.850    -0.020     0.530
 4    96.697    12.257    -5.794
 4     0.630    -0.600    -0.500
 4     0.650     0.760    -0.100
 4     0.440    -0.260     0.860
 5    94.987    20.094    19.652
 5    -0.090    -0.100    -0.990
 5     0.620     0.780    -0.140
 5     0.780    -0.620    -0.010
 6   123.516    16.619    28.611
 6     0.900    -0.390     0.190
 6    -0.140     0.140     0.980
 6    -0.410    -0.910     0.070
 7    98.123   -18.901    -4.572
 7     0.680     0.330    -0.650
 7    -0.520     0.840    -0.130
 7     0.510     0.430     0.750
 8    97.039   -26.268    22.084
 8    -0.170     0.080    -0.980
 8    -0.620     0.760     0.170
 8     0.760     0.640    -0.080
 9   125.178   -21.020    29.775
 9     0.890     0.440     0.130
 9     0.110     0.070    -0.990
 9    -0.450     0.890     0.010
 2    67.722    -4.483    58.495
 2     0.640     0.760    -0.100
 2    -0.770     0.640     0.020
 2     0.080     0.060     0.990
 3   112.110    -1.638     0.366
 3    -0.520    -0.080    -0.850
 3     0.060    -1.000     0.060
 3    -0.850    -0.020     0.530
 4    96.698    12.210    -5.838
 4     0.630    -0.600    -0.500
 4     0.640     0.760    -0.100
 4     0.440    -0.260     0.860
 5    94.987    20.094    19.608
 5    -0.090    -0.100    -0.990
 5     0.620     0.780    -0.140
 5     0.780    -0.620    -0.010
 6   123.464    16.571    28.615
 6     0.900    -0.390     0.190
 6    -0.140     0.140     0.980
 6    -0.410    -0.910     0.070
 7    98.124   -18.947    -4.573
 7     0.690     0.320    -0.650
 7    -0.520     0.840    -0.130
 7     0.510     0.430     0.750
 8    97.131   -26.273    22.131
 8    -0.180     0.080    -0.980
 8    -0.630     0.760     0.170
 8     0.760     0.640    -0.090
 9   125.172   -21.063    29.688
 9     0.890     0.440     0.120
 9     0.100     0.070    -0.990
 9    -0.450     0.890     0.020
 2    67.722    -4.483    58.495
 2     0.640     0.760    -0.100
 2    -0.770     0.640     0.020
 2     0.080     0.060     0.990
 3   112.160    -1.639     0.408
 3    -0.520    -0.080    -0.850
 3     0.060    -1.000     0.060
 3    -0.850    -0.020     0.520
 4    96.699    12.258    -5.838
 4     0.630    -0.600    -0.500
 4     0.640     0.760    -0.100
 4     0.440    -0.250     0.860
 5    95.171    20.149    19.641
 5    -0.090    -0.100    -0.990
 5     0.630     0.770    -0.140
 5     0.770    -0.630    -0.010
 6   123.671    16.376    28.609
 6     0.900    -0.390     0.190
 6    -0.140     0.150     0.980
 6    -0.410    -0.910     0.080
 7    98.216   -18.903    -4.617
 7     0.690     0.330    -0.650
 7    -0.520     0.840    -0.130
 7     0.510     0.430     0.750
 8    97.085   -26.315    21.995
 8    -0.170     0.080    -0.980
 8    -0.630     0.760     0.170
 8     0.760     0.640    -0.080
 9   125.072   -21.111    29.781
 9     0.890     0.440     0.120
 9     0.100     0.070    -0.990
 9    -0.450     0.890     0.020
 2    67.722    -4.483    58.495
 2     0.640     0.760    -0.100
 2    -0.770     0.640     0.020
 2     0.080     0.060     0.990
 3   112.158    -1.640     0.409
 3    -0.520    -0.080    -0.850
 3     0.060    -1.000     0.060
 3    -0.850    -0.030     0.520
 4    96.699    12.212    -5.883
 4     0.630    -0.600    -0.490
 4     0.640     0.760    -0.100
 4     0.440    -0.250     0.860
 5    95.261    20.007    19.604
 5    -0.100    -0.100    -0.990
 5     0.630     0.770    -0.140
 5     0.770    -0.630    -0.010
 6   123.812    16.554    28.719
 6     0.910    -0.370     0.190
 6    -0.140     0.150     0.980
 6    -0.390    -0.920     0.080
 7    98.169   -18.900    -4.625
 7     0.690     0.330    -0.650
 7    -0.520     0.840    -0.130
 7     0.500     0.420     0.750
 8    96.898   -25.893    22.190
 8    -0.170     0.060    -0.980
 8    -0.610     0.780     0.150
 8     0.780     0.620    -0.090
 9   125.140   -21.562    29.918
 9     0.910     0.400     0.110
 9     0.100     0.050    -0.990
 9    -0.400     0.920     0.000
 2    67.763    -4.436    58.450
 2     0.640     0.760    -0.100
 2    -0.770     0.640     0.020
 2     0.080     0.060     0.990
 3   112.211    -1.687     0.405
 3    -0.520    -0.080    -0.850
 3     0.060    -1.000     0.050
 3    -0.850    -0.020     0.520
 4    96.700    12.171    -5.892
 4     0.650    -0.590    -0.480
 4     0.630     0.770    -0.100
 4     0.430    -0.240     0.870
 5    94.583    18.871    19.894
 5    -0.100    -0.070    -0.990
 5     0.540     0.840    -0.110
 5     0.840    -0.540    -0.040
 6   122.736    22.940    29.544
 6     0.980    -0.060     0.190
 6    -0.190     0.060     0.980
 6    -0.070    -1.000     0.050
 7    98.075   -18.758    -4.618
 7     0.700     0.320    -0.640
 7    -0.510     0.850    -0.130
 7     0.510     0.410     0.760
 8    95.972   -24.386    22.496
 8    -0.160     0.070    -0.980
 8    -0.470     0.870     0.140
 8     0.870     0.480    -0.110
 9   123.797   -27.814    30.406
 9     0.990     0.110     0.110
 9     0.110    -0.010    -0.990
 9    -0.110     0.990    -0.020
 2    67.764    -4.482    58.450
 2     0.640     0.760    -0.100
 2    -0.770     0.640     0.020
 2     0.080     0.060     0.990
 3   112.313    -1.641     0.400
 3    -0.520    -0.080    -0.850
 3     0.060    -1.000     0.060
 3    -0.850    -0.020     0.520
 4    96.473    11.982    -6.107
 4     0.690    -0.560    -0.470
 4     0.580     0.810    -0.110
 4     0.440    -0.200     0.880
 5    93.762    17.975    19.851
 5    -0.110    -0.090    -0.990
 5     0.370     0.920    -0.120
 5     0.920    -0.380    -0.070
