% Calibrated with leiden_pols
% Positions are in centimeters
Data =[
 2    67.722    -4.483    58.495
 2     0.640     0.760    -0.100
 2    -0.770     0.640     0.020
 2     0.080     0.060     0.990
 3   113.643    -2.197     1.503
 3    -0.450    -0.100    -0.890
 3     0.030    -1.000     0.090
 3    -0.890     0.010     0.450
 4   100.405    12.638    -6.080
 4     0.600    -0.640    -0.470
 4     0.740     0.670     0.030
 4     0.300    -0.360     0.880
 5    98.152    21.436    19.382
 5    -0.010    -0.180    -0.980
 5     0.730     0.670    -0.130
 5     0.690    -0.720     0.130
 6   114.115    25.474    44.741
 6     0.400    -0.010     0.920
 6    -0.890     0.230     0.390
 6    -0.210    -0.970     0.090
 7   100.803   -19.461    -4.995
 7     0.750     0.330    -0.570
 7    -0.530     0.820    -0.220
 7     0.390     0.470     0.790
 8    99.266   -26.379    22.093
 8    -0.100     0.110    -0.990
 8    -0.630     0.760     0.150
 8     0.770     0.630    -0.010
 9   117.239   -32.203    43.651
 9     0.480     0.030     0.880
 9     0.800     0.390    -0.450
 9    -0.360     0.920     0.160
 2    67.721    -4.483    58.494
 2     0.640     0.760    -0.100
 2    -0.760     0.640     0.020
 2     0.080     0.060     0.990
 3   113.745    -2.248     1.542
 3    -0.450    -0.100    -0.890
 3     0.030    -1.000     0.090
 3    -0.890     0.010     0.450
 4   100.641    12.682    -6.039
 4     0.600    -0.640    -0.470
 4     0.740     0.670     0.030
 4     0.300    -0.370     0.880
 5    98.246    21.344    19.337
 5    -0.010    -0.180    -0.980
 5     0.730     0.670    -0.130
 5     0.690    -0.720     0.130
 6   113.811    25.488    45.030
 6     0.380     0.000     0.930
 6    -0.890     0.270     0.360
 6    -0.250    -0.960     0.100
 7   100.897   -19.511    -4.950
 7     0.750     0.330    -0.570
 7    -0.530     0.820    -0.220
 7     0.390     0.470     0.790
 8    99.221   -26.520    22.147
 8    -0.100     0.110    -0.990
 8    -0.620     0.770     0.150
 8     0.780     0.630    -0.010
 9   117.085   -32.248    43.762
 9     0.480     0.030     0.880
 9     0.800     0.390    -0.450
 9    -0.350     0.920     0.160
 2    67.722    -4.483    58.495
 2     0.640     0.760    -0.100
 2    -0.770     0.640     0.020
 2     0.080     0.060     0.990
 3   113.847    -2.250     1.581
 3    -0.450    -0.100    -0.890
 3     0.030    -1.000     0.090
 3    -0.890     0.010     0.450
 4   100.831    12.640    -6.005
 4     0.600    -0.650    -0.470
 4     0.740     0.670     0.030
 4     0.290    -0.370     0.880
 5    98.387    21.352    19.238
 5    -0.010    -0.190    -0.980
 5     0.730     0.670    -0.130
 5     0.680    -0.720     0.130
 6   114.035    25.457    44.948
 6     0.370    -0.000     0.930
 6    -0.890     0.300     0.350
 6    -0.280    -0.950     0.110
 7   100.943   -19.513    -4.906
 7     0.750     0.330    -0.570
 7    -0.530     0.820    -0.230
 7     0.390     0.470     0.790
 8    99.128   -26.517    22.193
 8    -0.100     0.110    -0.990
 8    -0.620     0.770     0.150
 8     0.780     0.630    -0.000
 9   116.941   -32.296    43.900
 9     0.480     0.030     0.880
 9     0.810     0.380    -0.460
 9    -0.350     0.920     0.150
 2    67.722    -4.483    58.495
 2     0.640     0.760    -0.100
 2    -0.770     0.640     0.020
 2     0.080     0.060     0.990
 3   113.847    -2.347     1.626
 3    -0.450    -0.100    -0.890
 3     0.030    -1.000     0.090
 3    -0.890     0.010     0.450
 4   100.927    12.593    -6.094
 4     0.600    -0.650    -0.470
 4     0.750     0.670     0.030
 4     0.290    -0.370     0.880
 5    98.480    21.305    19.238
 5    -0.010    -0.190    -0.980
 5     0.740     0.660    -0.130
 5     0.680    -0.720     0.130
 6   114.145    25.416    44.931
 6     0.370    -0.000     0.930
 6    -0.880     0.320     0.350
 6    -0.290    -0.950     0.110
 7   100.943   -19.560    -4.861
 7     0.750     0.330    -0.570
 7    -0.530     0.820    -0.230
 7     0.390     0.470     0.790
 8    99.130   -26.468    22.189
 8    -0.090     0.110    -0.990
 8    -0.620     0.770     0.150
 8     0.780     0.630    -0.000
 9   116.829   -32.293    43.921
 9     0.480     0.030     0.880
 9     0.810     0.370    -0.460
 9    -0.340     0.930     0.150
 2    67.720    -4.437    58.495
 2     0.640     0.760    -0.100
 2    -0.770     0.640     0.020
 2     0.080     0.060     0.990
 3   113.847    -2.397     1.716
 3    -0.450    -0.100    -0.890
 3     0.030    -1.000     0.090
 3    -0.890     0.010     0.450
 4   100.927    12.641    -6.095
 4     0.600    -0.650    -0.470
 4     0.750     0.670     0.030
 4     0.290    -0.370     0.880
 5    98.573    21.305    19.237
 5    -0.010    -0.190    -0.980
 5     0.740     0.660    -0.130
 5     0.680    -0.720     0.130
 6   114.198    25.466    44.832
 6     0.370    -0.000     0.930
 6    -0.880     0.320     0.350
 6    -0.300    -0.950     0.120
 7   100.991   -19.561    -4.862
 7     0.760     0.330    -0.570
 7    -0.530     0.820    -0.230
 7     0.390     0.470     0.790
 8    99.130   -26.468    22.189
 8    -0.090     0.110    -0.990
 8    -0.620     0.770     0.150
 8     0.780     0.630    -0.000
 9   116.782   -32.341    43.967
 9     0.480     0.030     0.880
 9     0.810     0.370    -0.460
 9    -0.340     0.930     0.150
 2    67.719    -4.436    58.451
 2     0.640     0.760    -0.100
 2    -0.770     0.640     0.020
 2     0.080     0.060     0.990
 3   113.966    -2.344     1.669
 3    -0.440    -0.100    -0.890
 3     0.030    -1.000     0.090
 3    -0.900     0.010     0.440
 4   101.023    12.593    -6.095
 4     0.600    -0.650    -0.470
 4     0.750     0.670     0.030
 4     0.290    -0.370     0.880
 5    98.526    21.353    19.193
 5    -0.010    -0.190    -0.980
 5     0.740     0.660    -0.130
 5     0.680    -0.720     0.130
 6   114.210    25.566    44.864
 6     0.370    -0.000     0.930
 6    -0.880     0.330     0.350
 6    -0.310    -0.940     0.120
 7   101.086   -19.563    -4.863
 7     0.760     0.320    -0.570
 7    -0.520     0.820    -0.230
 7     0.390     0.470     0.790
 8    99.131   -26.469    22.232
 8    -0.090     0.110    -0.990
 8    -0.620     0.770     0.140
 8     0.780     0.630    -0.000
 9   116.835   -32.296    44.008
 9     0.480     0.030     0.880
 9     0.810     0.370    -0.460
 9    -0.340     0.930     0.150
 2    67.722    -4.483    58.495
 2     0.640     0.760    -0.100
 2    -0.770     0.640     0.020
 2     0.080     0.060     0.990
 3   114.018    -2.344     1.666
 3    -0.440    -0.100    -0.890
 3     0.030    -1.000     0.090
 3    -0.900     0.010     0.440
 4   101.023    12.593    -6.095
 4     0.600    -0.650    -0.470
 4     0.750     0.670     0.030
 4     0.290    -0.370     0.880
 5    98.573    21.352    19.237
 5    -0.010    -0.190    -0.980
 5     0.740     0.660    -0.130
 5     0.680    -0.720     0.130
 6   114.257    25.520    44.818
 6     0.370    -0.000     0.930
 6    -0.880     0.340     0.350
 6    -0.310    -0.940     0.120
 7   101.086   -19.563    -4.908
 7     0.760     0.320    -0.570
 7    -0.520     0.820    -0.230
 7     0.390     0.470     0.790
 8    99.177   -26.470    22.233
 8    -0.090     0.110    -0.990
 8    -0.620     0.770     0.140
 8     0.780     0.630    -0.000
 9   116.783   -32.246    44.010
 9     0.480     0.040     0.880
 9     0.810     0.370    -0.460
 9    -0.340     0.930     0.150
 2    67.720    -4.437    58.495
 2     0.640     0.760    -0.100
 2    -0.770     0.640     0.020
 2     0.080     0.060     0.990
 3   113.966    -2.249     1.714
 3    -0.440    -0.100    -0.890
 3     0.030    -1.000     0.090
 3    -0.900     0.010     0.440
 4   100.975    12.640    -6.096
 4     0.600    -0.650    -0.470
 4     0.740     0.670     0.030
 4     0.290    -0.370     0.880
 5    98.620    21.352    19.236
 5    -0.010    -0.190    -0.980
 5     0.740     0.660    -0.130
 5     0.680    -0.720     0.130
