% Calibrated with leiden_pols
% Positions are in centimeters
Data =[
 2    67.149    -4.584    59.044
 2    -0.430     0.900    -0.030
 2    -0.900    -0.430     0.010
 2    -0.000     0.030     1.000
 3   104.270    -4.144    -5.410
 3    -0.670    -0.110    -0.740
 3     0.090    -0.990     0.060
 3    -0.740    -0.030     0.670
 4    91.973    16.419    -9.859
 4     0.400    -0.650    -0.640
 4     0.910     0.380     0.180
 4     0.130    -0.650     0.750
 5    90.182    31.479    14.643
 5    -0.010    -0.500    -0.870
 5     0.930     0.320    -0.200
 5     0.370    -0.810     0.460
 6   103.598    36.753    39.897
 6     0.160     0.270     0.950
 6    -0.270     0.940    -0.220
 6    -0.950    -0.220     0.220
 7    91.119   -24.071   -11.083
 7     0.680     0.420    -0.600
 7    -0.670     0.700    -0.260
 7     0.310     0.580     0.750
 8    86.978   -36.805    15.279
 8    -0.060     0.380    -0.920
 8    -0.640     0.690     0.330
 8     0.770     0.610     0.200
 9   102.000   -48.796    37.029
 9     0.200    -0.290     0.940
 9     0.530     0.840     0.150
 9    -0.830     0.470     0.320
 2    67.107    -4.630    59.046
 2    -0.430     0.900    -0.030
 2    -0.900    -0.430     0.010
 2    -0.000     0.030     1.000
 3   104.222    -4.144    -5.319
 3    -0.670    -0.110    -0.740
 3     0.090    -0.990     0.060
 3    -0.740    -0.020     0.670
 4    92.108    16.422    -9.642
 4     0.400    -0.650    -0.650
 4     0.910     0.380     0.180
 4     0.120    -0.660     0.740
 5    90.376    31.061    15.219
 5    -0.010    -0.480    -0.880
 5     0.930     0.320    -0.190
 5     0.370    -0.820     0.440
 6   103.989    35.782    40.353
 6     0.160     0.250     0.950
 6    -0.270     0.940    -0.200
 6    -0.950    -0.230     0.220
 7    91.209   -24.122   -11.037
 7     0.670     0.420    -0.610
 7    -0.670     0.700    -0.260
 7     0.310     0.580     0.750
 8    87.610   -36.238    15.599
 8    -0.100     0.380    -0.920
 8    -0.550     0.750     0.370
 8     0.830     0.540     0.140
 9   102.953   -49.792    36.428
 9     0.230    -0.320     0.920
 9     0.630     0.770     0.110
 9    -0.740     0.550     0.380
 2    67.146    -4.586    59.051
 2    -0.430     0.900    -0.030
 2    -0.900    -0.430     0.010
 2    -0.010     0.030     1.000
 3   104.270    -4.145    -5.320
 3    -0.660    -0.110    -0.740
 3     0.090    -0.990     0.060
 3    -0.740    -0.030     0.670
 4    92.106    16.509    -9.593
 4     0.400    -0.640    -0.650
 4     0.910     0.370     0.180
 4     0.130    -0.670     0.730
 5    90.427    30.910    15.454
 5    -0.020    -0.470    -0.880
 5     0.920     0.330    -0.200
 5     0.390    -0.820     0.430
 6   104.490    35.371    40.556
 6     0.170     0.240     0.960
 6    -0.290     0.940    -0.180
 6    -0.940    -0.250     0.230
 7    91.300   -24.079   -11.073
 7     0.670     0.430    -0.610
 7    -0.680     0.690    -0.250
 7     0.320     0.580     0.750
 8    87.689   -36.567    15.325
 8    -0.110     0.390    -0.920
 8    -0.570     0.730     0.380
 8     0.810     0.560     0.140
 9   103.707   -49.523    36.091
 9     0.250    -0.310     0.920
 9     0.600     0.790     0.110
 9    -0.760     0.520     0.380
 2    67.105    -4.584    59.046
 2    -0.430     0.900    -0.030
 2    -0.900    -0.430     0.010
 2    -0.000     0.030     1.000
 3   104.270    -4.145    -5.320
 3    -0.660    -0.110    -0.740
 3     0.090    -0.990     0.060
 3    -0.740    -0.030     0.670
 4    92.106    16.509    -9.547
 4     0.400    -0.640    -0.650
 4     0.910     0.370     0.180
 4     0.130    -0.670     0.730
 5    90.289    30.902    15.419
 5    -0.020    -0.480    -0.880
 5     0.920     0.340    -0.210
 5     0.400    -0.810     0.430
 6   104.311    35.692    40.506
 6     0.170     0.240     0.950
 6    -0.310     0.930    -0.180
 6    -0.930    -0.270     0.240
 7    91.255   -24.076   -11.081
 7     0.670     0.420    -0.610
 7    -0.670     0.690    -0.260
 7     0.310     0.580     0.750
 8    87.203   -36.585    15.211
 8    -0.080     0.380    -0.920
 8    -0.600     0.720     0.350
 8     0.800     0.580     0.170
 9   102.701   -48.842    36.606
 9     0.220    -0.290     0.930
 9     0.550     0.820     0.130
 9    -0.800     0.480     0.340
 2    67.149    -4.584    59.044
 2    -0.430     0.900    -0.030
 2    -0.900    -0.430     0.010
 2    -0.000     0.030     1.000
 3   104.221    -4.193    -5.318
 3    -0.660    -0.110    -0.740
 3     0.090    -0.990     0.060
 3    -0.740    -0.030     0.670
 4    92.152    16.467    -9.599
 4     0.390    -0.650    -0.650
 4     0.910     0.370     0.180
 4     0.120    -0.670     0.730
 5    90.562    30.966    15.225
 5    -0.020    -0.480    -0.880
 5     0.930     0.320    -0.200
 5     0.380    -0.820     0.440
 6   104.427    35.553    40.385
 6     0.170     0.240     0.950
 6    -0.280     0.940    -0.190
 6    -0.940    -0.240     0.230
 7    91.254   -24.216   -10.997
 7     0.670     0.430    -0.610
 7    -0.680     0.690    -0.270
 7     0.300     0.590     0.750
 8    87.875   -38.472    14.201
 8    -0.050     0.370    -0.930
 8    -0.780     0.570     0.270
 8     0.630     0.730     0.260
 9   102.479   -47.541    37.242
 9     0.160    -0.260     0.950
 9     0.310     0.930     0.200
 9    -0.940     0.260     0.230
 2    67.102    -4.587    59.053
 2    -0.430     0.900    -0.030
 2    -0.900    -0.430     0.010
 2    -0.010     0.030     1.000
 3   104.222    -4.192    -5.274
 3    -0.660    -0.110    -0.740
 3     0.090    -0.990     0.060
 3    -0.740    -0.020     0.670
 4    92.430    16.520    -9.699
 4     0.390    -0.650    -0.650
 4     0.910     0.360     0.190
 4     0.110    -0.670     0.740
 5    90.785    31.287    14.868
 5    -0.010    -0.490    -0.870
 5     0.950     0.270    -0.160
 5     0.310    -0.830     0.460
 6   103.721    35.723    40.572
 6     0.140     0.250     0.960
 6    -0.230     0.950    -0.220
 6    -0.960    -0.190     0.190
 7    91.345   -24.172   -11.042
 7     0.670     0.430    -0.600
 7    -0.680     0.680    -0.270
 7     0.300     0.590     0.750
 8    87.512   -38.502    14.043
 8    -0.020     0.370    -0.930
 8    -0.800     0.550     0.230
 8     0.590     0.750     0.290
 9   101.193   -47.162    37.768
 9     0.120    -0.260     0.960
 9     0.270     0.940     0.210
 9    -0.950     0.240     0.180
 2    67.149    -4.584    59.044
 2    -0.430     0.900    -0.030
 2    -0.900    -0.430     0.010
 2    -0.000     0.030     1.000
 3   104.269    -4.195    -5.230
 3    -0.670    -0.110    -0.740
 3     0.090    -0.990     0.060
 3    -0.740    -0.030     0.670
 4    92.570    16.526    -9.754
 4     0.410    -0.660    -0.630
 4     0.910     0.370     0.210
 4     0.100    -0.660     0.750
 5    89.257    31.506    14.472
 5     0.060    -0.490    -0.870
 5     0.960     0.280    -0.090
 5     0.290    -0.830     0.480
 6    99.620    36.091    41.474
 6     0.060     0.260     0.960
 6    -0.220     0.950    -0.240
 6    -0.970    -0.200     0.110
 7    91.709   -24.176   -11.155
 7     0.700     0.430    -0.570
 7    -0.660     0.690    -0.290
 7     0.270     0.590     0.770
 8    85.694   -38.356    13.419
 8     0.080     0.370    -0.930
 8    -0.800     0.580     0.160
 8     0.600     0.730     0.340
 9    96.211   -47.626    38.477
 9     0.020    -0.260     0.970
 9     0.280     0.930     0.240
 9    -0.960     0.260     0.090
 2    67.103    -4.632    59.053
 2    -0.430     0.900    -0.030
 2    -0.900    -0.430     0.010
 2    -0.010     0.030     1.000
 3   104.213    -4.342    -5.115
 3    -0.670    -0.100    -0.730
 3     0.090    -0.990     0.050
 3    -0.730    -0.030     0.680
 4    92.801    16.581    -9.728
 4     0.440    -0.660    -0.610
 4     0.900     0.380     0.230
 4     0.080    -0.650     0.750
 5    87.291    31.244    14.362
 5     0.150    -0.470    -0.870
 5     0.950     0.310    -0.010
 5     0.280    -0.820     0.500
