% Calibrated with leiden_pols
% Positions are in centimeters
Data =[
 2    68.036    -2.583    58.637
 2     0.070     1.000    -0.010
 2    -1.000     0.070    -0.030
 2    -0.020     0.010     1.000
 3   112.707     0.297    -1.011
 3    -0.510    -0.050    -0.860
 3    -0.100    -0.990     0.120
 3    -0.860     0.140     0.500
 4   100.168    17.904    -7.077
 4     0.760    -0.330    -0.560
 4     0.500     0.840     0.190
 4     0.410    -0.430     0.810
 5    96.668    32.183    15.700
 5    -0.150    -0.340    -0.930
 5     0.850     0.430    -0.290
 5     0.500    -0.840     0.220
 6   119.285    20.921    22.288
 6     0.720    -0.680     0.130
 6    -0.040     0.150     0.990
 6    -0.690    -0.720     0.080
 7   101.561   -16.096    -7.101
 7     0.610     0.580    -0.540
 7    -0.740     0.670    -0.110
 7     0.290     0.460     0.840
 8    97.552   -31.125    14.879
 8    -0.050     0.300    -0.950
 8    -0.800     0.560     0.220
 8     0.590     0.780     0.210
 9   118.600   -18.497    23.284
 9     0.520     0.820     0.230
 9    -0.080     0.320    -0.940
 9    -0.850     0.480     0.230
 2    68.081    -2.583    58.679
 2     0.070     1.000    -0.010
 2    -1.000     0.070    -0.030
 2    -0.020     0.010     1.000
 3   112.657     0.296    -1.009
 3    -0.500    -0.060    -0.860
 3    -0.100    -0.990     0.120
 3    -0.860     0.140     0.490
 4   100.215    17.905    -7.076
 4     0.760    -0.320    -0.560
 4     0.500     0.840     0.190
 4     0.410    -0.420     0.810
 5    96.668    32.230    15.654
 5    -0.150    -0.340    -0.930
 5     0.850     0.430    -0.290
 5     0.500    -0.840     0.220
 6   119.230    20.969    22.203
 6     0.720    -0.680     0.140
 6    -0.040     0.150     0.990
 6    -0.690    -0.720     0.080
 7   101.703   -16.239    -7.013
 7     0.610     0.580    -0.540
 7    -0.740     0.660    -0.110
 7     0.290     0.470     0.830
 8    97.693   -31.363    14.789
 8    -0.050     0.300    -0.950
 8    -0.810     0.550     0.220
 8     0.590     0.780     0.210
 9   118.601   -18.497    23.329
 9     0.520     0.820     0.240
 9    -0.080     0.320    -0.940
 9    -0.850     0.470     0.230
 2    68.036    -2.583    58.637
 2     0.070     1.000    -0.010
 2    -1.000     0.070    -0.030
 2    -0.020     0.010     1.000
 3   112.709     0.247    -0.923
 3    -0.500    -0.060    -0.860
 3    -0.100    -0.990     0.120
 3    -0.860     0.150     0.490
 4   100.312    17.858    -7.122
 4     0.760    -0.330    -0.560
 4     0.500     0.840     0.190
 4     0.410    -0.420     0.810
 5    96.763    32.377    15.602
 5    -0.150    -0.340    -0.930
 5     0.860     0.420    -0.290
 5     0.490    -0.840     0.230
 6   119.284    20.969    22.243
 6     0.720    -0.680     0.140
 6    -0.040     0.160     0.990
 6    -0.690    -0.720     0.080
 7   101.703   -16.239    -7.013
 7     0.610     0.580    -0.540
 7    -0.740     0.660    -0.120
 7     0.290     0.470     0.830
 8    97.784   -31.368    14.786
 8    -0.060     0.300    -0.950
 8    -0.810     0.540     0.220
 8     0.580     0.780     0.210
 9   118.623   -18.593    23.386
 9     0.510     0.820     0.240
 9    -0.080     0.320    -0.940
 9    -0.860     0.470     0.230
 2    68.036    -2.583    58.637
 2     0.070     1.000    -0.010
 2    -1.000     0.070    -0.030
 2    -0.020     0.010     1.000
 3   112.658     0.246    -0.875
 3    -0.500    -0.060    -0.860
 3    -0.100    -0.990     0.120
 3    -0.860     0.150     0.490
 4   100.311    17.905    -7.122
 4     0.760    -0.330    -0.560
 4     0.500     0.840     0.190
 4     0.410    -0.420     0.810
 5    96.810    32.378    15.601
 5    -0.150    -0.340    -0.930
 5     0.860     0.420    -0.290
 5     0.490    -0.840     0.230
 6   119.349    21.025    22.218
 6     0.720    -0.680     0.140
 6    -0.040     0.160     0.990
 6    -0.700    -0.710     0.080
 7   101.656   -16.191    -7.013
 7     0.610     0.580    -0.540
 7    -0.740     0.660    -0.120
 7     0.290     0.470     0.830
 8    97.786   -31.415    14.829
 8    -0.060     0.300    -0.950
 8    -0.810     0.540     0.220
 8     0.580     0.780     0.210
 9   118.621   -18.590    23.343
 9     0.510     0.830     0.240
 9    -0.080     0.320    -0.940
 9    -0.860     0.460     0.230
 2    68.036    -2.583    58.637
 2     0.070     1.000    -0.010
 2    -1.000     0.070    -0.030
 2    -0.020     0.010     1.000
 3   112.659     0.246    -0.831
 3    -0.500    -0.060    -0.860
 3    -0.100    -0.990     0.120
 3    -0.860     0.150     0.490
 4   100.263    17.858    -7.076
 4     0.760    -0.330    -0.560
 4     0.500     0.840     0.190
 4     0.410    -0.420     0.810
 5    97.002    31.848    16.112
 5    -0.170    -0.330    -0.930
 5     0.840     0.440    -0.320
 5     0.510    -0.830     0.210
 6   120.181    21.005    21.918
 6     0.740    -0.660     0.110
 6    -0.020     0.140     0.990
 6    -0.670    -0.730     0.090
 7   101.561   -16.237    -6.965
 7     0.600     0.580    -0.540
 7    -0.740     0.660    -0.110
 7     0.290     0.470     0.830
 8    97.879   -30.962    15.475
 8    -0.080     0.290    -0.950
 8    -0.800     0.560     0.230
 8     0.600     0.780     0.180
 9   119.303   -18.652    23.097
 9     0.540     0.810     0.210
 9    -0.090     0.310    -0.950
 9    -0.840     0.490     0.240
 2    68.036    -2.583    58.637
 2     0.070     1.000    -0.010
 2    -1.000     0.070    -0.030
 2    -0.020     0.010     1.000
 3   112.605     0.293    -1.003
 3    -0.510    -0.060    -0.860
 3    -0.100    -0.990     0.120
 3    -0.860     0.150     0.500
 4   100.072    17.852    -7.021
 4     0.760    -0.330    -0.570
 4     0.500     0.850     0.180
 4     0.420    -0.420     0.810
 5    97.181    31.437    16.831
 5    -0.230    -0.350    -0.910
 5     0.760     0.520    -0.390
 5     0.610    -0.780     0.150
 6   122.236    23.508    20.223
 6     0.830    -0.550    -0.000
 6     0.060     0.090     0.990
 6    -0.550    -0.830     0.110
 7   101.508   -16.195    -6.722
 7     0.600     0.580    -0.550
 7    -0.740     0.670    -0.100
 7     0.310     0.470     0.830
 8    97.729   -30.274    16.304
 8    -0.120     0.280    -0.950
 8    -0.730     0.630     0.270
 8     0.670     0.730     0.130
 9   121.291   -20.151    22.341
 9     0.650     0.740     0.140
 9    -0.110     0.280    -0.950
 9    -0.750     0.610     0.270
 2    68.036    -2.583    58.637
 2     0.070     1.000    -0.010
 2    -1.000     0.070    -0.030
 2    -0.020     0.010     1.000
 3   112.689     0.288    -1.027
 3    -0.520    -0.060    -0.850
 3    -0.100    -0.990     0.120
 3    -0.850     0.150     0.500
 4   100.119    17.894    -7.011
 4     0.760    -0.320    -0.570
 4     0.490     0.850     0.170
 4     0.430    -0.410     0.810
 5    96.471    29.499    18.135
 5    -0.260    -0.400    -0.880
 5     0.580     0.660    -0.470
 5     0.770    -0.630     0.070
 6   123.059    28.472    18.459
 6     0.940    -0.300    -0.140
 6     0.170     0.080     0.980
 6    -0.280    -0.950     0.130
 7   101.415   -16.098    -6.627
 7     0.620     0.560    -0.550
 7    -0.720     0.690    -0.100
 7     0.320     0.460     0.830
 8    96.319   -26.980    18.709
 8    -0.190     0.290    -0.940
 8    -0.450     0.820     0.340
 8     0.870     0.490    -0.020
 9   123.019   -26.518    20.157
 9     0.920     0.400    -0.050
 9    -0.170     0.270    -0.950
 9    -0.360     0.880     0.310
 2    68.036    -2.583    58.637
 2     0.070     1.000    -0.010
 2    -1.000     0.070    -0.030
 2    -0.020     0.010     1.000
 3   112.790     0.242    -1.078
 3    -0.520    -0.050    -0.850
 3    -0.100    -0.990     0.130
 3    -0.850     0.150     0.510
 4   100.214    17.935    -7.045
 4     0.760    -0.310    -0.570
 4     0.470     0.870     0.170
 4     0.440    -0.390     0.810
 5    96.706    28.005    19.154
 5    -0.290    -0.500    -0.820
 5     0.290     0.760    -0.570
 5     0.910    -0.400    -0.080
