% Calibrated with leiden_pols
% Positions are in centimeters
Data =[
 2    68.038    -2.629    58.637
 2     0.070     1.000    -0.010
 2    -1.000     0.070    -0.030
 2    -0.020     0.010     1.000
 3   116.275    -0.030    -2.305
 3    -0.510    -0.080    -0.860
 3    -0.060    -0.990     0.120
 3    -0.860     0.110     0.500
 4   101.418    15.806    -8.622
 4     0.800    -0.220    -0.560
 4     0.340     0.930     0.120
 4     0.500    -0.280     0.820
 5    95.235    30.211    13.208
 5     0.020    -0.490    -0.870
 5     0.550     0.730    -0.410
 5     0.840    -0.470     0.280
 6   103.386    47.864    29.922
 6     0.240     0.610     0.750
 6    -0.950     0.290     0.070
 6    -0.170    -0.740     0.650
 7   104.510   -16.258    -8.541
 7     0.660     0.590    -0.470
 7    -0.680     0.730    -0.050
 7     0.310     0.360     0.880
 8    98.735   -28.973    14.955
 8    -0.060     0.380    -0.920
 8    -0.420     0.830     0.370
 8     0.900     0.410     0.110
 9   109.886   -45.511    32.154
 9     0.170    -0.370     0.910
 9     0.890     0.450     0.010
 9    -0.410     0.810     0.410
 2    68.038    -2.629    58.637
 2     0.070     1.000    -0.010
 2    -1.000     0.070    -0.030
 2    -0.020     0.010     1.000
 3   115.920    -0.226    -2.280
 3    -0.510    -0.080    -0.860
 3    -0.060    -0.990     0.120
 3    -0.860     0.120     0.500
 4   101.038    15.660    -8.656
 4     0.790    -0.220    -0.570
 4     0.340     0.930     0.110
 4     0.510    -0.280     0.810
 5    95.187    30.161    13.298
 5     0.010    -0.490    -0.870
 5     0.540     0.730    -0.410
 5     0.840    -0.470     0.270
 6   103.432    47.815    29.883
 6     0.250     0.610     0.750
 6    -0.950     0.290     0.080
 6    -0.160    -0.740     0.650
 7   103.887   -16.339    -8.618
 7     0.660     0.580    -0.480
 7    -0.680     0.730    -0.050
 7     0.320     0.350     0.880
 8    98.139   -28.859    15.046
 8    -0.060     0.380    -0.920
 8    -0.410     0.830     0.370
 8     0.910     0.400     0.110
 9   109.230   -45.482    32.326
 9     0.170    -0.370     0.910
 9     0.900     0.430     0.000
 9    -0.400     0.820     0.410
 2    68.036    -2.583    58.637
 2     0.070     1.000    -0.010
 2    -1.000     0.070    -0.030
 2    -0.020     0.010     1.000
 3   115.674    -0.317    -2.276
 3    -0.510    -0.070    -0.860
 3    -0.070    -0.990     0.120
 3    -0.860     0.120     0.500
 4   100.754    15.567    -8.610
 4     0.790    -0.220    -0.570
 4     0.340     0.930     0.110
 4     0.510    -0.280     0.810
 5    95.048    30.113    13.347
 5    -0.000    -0.490    -0.870
 5     0.540     0.730    -0.420
 5     0.840    -0.470     0.270
 6   103.533    47.771    29.879
 6     0.260     0.610     0.750
 6    -0.950     0.290     0.090
 6    -0.160    -0.740     0.660
 7   103.601   -16.286    -8.653
 7     0.660     0.580    -0.480
 7    -0.670     0.740    -0.040
 7     0.330     0.350     0.880
 8    98.002   -28.853    14.998
 8    -0.060     0.380    -0.920
 8    -0.400     0.830     0.380
 8     0.910     0.400     0.100
 9   109.171   -45.521    32.208
 9     0.180    -0.370     0.910
 9     0.900     0.430    -0.000
 9    -0.390     0.820     0.410
 2    68.036    -2.583    58.637
 2     0.070     1.000    -0.010
 2    -1.000     0.070    -0.030
 2    -0.020     0.010     1.000
 3   115.724    -0.269    -2.369
 3    -0.510    -0.070    -0.860
 3    -0.070    -0.990     0.120
 3    -0.860     0.120     0.500
 4   100.944    15.660    -8.746
 4     0.790    -0.210    -0.570
 4     0.330     0.940     0.110
 4     0.510    -0.280     0.810
 5    94.585    29.988    12.971
 5     0.030    -0.480    -0.880
 5     0.550     0.740    -0.390
 5     0.830    -0.470     0.280
 6   102.633    47.360    30.154
 6     0.240     0.600     0.760
 6    -0.960     0.270     0.090
 6    -0.150    -0.750     0.640
 7   103.986   -16.198    -8.935
 7     0.670     0.580    -0.470
 7    -0.670     0.740    -0.040
 7     0.320     0.340     0.880
 8    97.632   -28.483    14.008
 8    -0.010     0.360    -0.930
 8    -0.450     0.830     0.330
 8     0.890     0.420     0.150
 9   107.558   -44.698    32.461
 9     0.140    -0.350     0.930
 9     0.900     0.430     0.030
 9    -0.410     0.830     0.370
 2    68.036    -2.583    58.637
 2     0.070     1.000    -0.010
 2    -1.000     0.070    -0.030
 2    -0.020     0.010     1.000
 3   116.524    -0.031    -2.268
 3    -0.500    -0.080    -0.860
 3    -0.050    -0.990     0.120
 3    -0.860     0.100     0.490
 4   102.568    15.873    -9.522
 4     0.830    -0.190    -0.520
 4     0.310     0.940     0.160
 4     0.460    -0.300     0.840
 5    93.291    29.459    11.345
 5     0.160    -0.430    -0.890
 5     0.620     0.740    -0.240
 5     0.770    -0.510     0.390
 6    98.222    45.148    31.100
 6     0.120     0.540     0.830
 6    -0.970     0.260    -0.030
 6    -0.230    -0.800     0.550
 7   106.030   -16.033    -9.667
 7     0.710     0.560    -0.430
 7    -0.660     0.740    -0.130
 7     0.240     0.370     0.900
 8    96.080   -27.568    12.099
 8     0.170     0.320    -0.930
 8    -0.510     0.840     0.200
 8     0.850     0.440     0.300
 9   101.611   -42.734    32.866
 9    -0.050    -0.310     0.950
 9     0.880     0.450     0.190
 9    -0.480     0.840     0.250
 2    68.036    -2.583    58.637
 2     0.070     1.000    -0.010
 2    -1.000     0.070    -0.030
 2    -0.020     0.010     1.000
 3   117.995     0.371    -2.203
 3    -0.480    -0.070    -0.880
 3    -0.050    -0.990     0.110
 3    -0.880     0.090     0.470
 4   104.747    15.875   -10.255
 4     0.890    -0.160    -0.430
 4     0.260     0.940     0.200
 4     0.370    -0.290     0.880
 5    91.849    29.046     8.575
 5     0.350    -0.390    -0.850
 5     0.670     0.740    -0.060
 5     0.660    -0.550     0.520
 6    92.003    43.198    30.623
 6    -0.060     0.470     0.880
 6    -0.940     0.280    -0.210
 6    -0.340    -0.840     0.420
 7   107.851   -15.532   -10.480
 7     0.770     0.530    -0.360
 7    -0.610     0.770    -0.170
 7     0.180     0.350     0.920
 8    94.696   -26.621     9.321
 8     0.330     0.300    -0.890
 8    -0.500     0.860     0.100
 8     0.800     0.420     0.440
 9    95.536   -41.430    31.340
 9    -0.210    -0.290     0.930
 9     0.850     0.420     0.320
 9    -0.490     0.860     0.150
 2    68.036    -2.583    58.637
 2     0.070     1.000    -0.010
 2    -1.000     0.070    -0.030
 2    -0.020     0.010     1.000
 3   119.609     0.334    -2.153
 3    -0.450    -0.070    -0.890
 3    -0.040    -0.990     0.100
 3    -0.890     0.080     0.450
 4   106.952    15.913   -10.886
 4     0.930    -0.140    -0.350
 4     0.220     0.950     0.210
 4     0.300    -0.270     0.910
 5    91.921    28.954     5.898
 5     0.500    -0.360    -0.790
 5     0.680     0.730     0.090
 5     0.540    -0.580     0.610
 6    88.238    41.736    28.773
 6    -0.210     0.420     0.880
 6    -0.890     0.290    -0.350
 6    -0.410    -0.860     0.310
 7   109.677   -14.945   -11.184
 7     0.810     0.500    -0.290
 7    -0.560     0.800    -0.190
 7     0.140     0.320     0.940
 8    94.535   -25.872     6.780
 8     0.470     0.280    -0.830
 8    -0.510     0.860     0.000
 8     0.720     0.420     0.550
 9    91.610   -40.117    28.944
 9    -0.360    -0.270     0.890
 9     0.770     0.450     0.450
 9    -0.520     0.850     0.050
 2    68.036    -2.583    58.637
 2     0.070     1.000    -0.010
 2    -1.000     0.070    -0.030
 2    -0.020     0.010     1.000
 3   121.594     0.598    -2.338
 3    -0.420    -0.040    -0.910
 3    -0.060    -0.990     0.080
 3    -0.910     0.090     0.410
 4   109.225    15.655   -11.497
 4     0.960    -0.090    -0.270
 4     0.140     0.970     0.200
 4     0.250    -0.230     0.940
 5    91.754    27.443     3.679
 5     0.610    -0.340    -0.720
 5     0.590     0.800     0.130
 5     0.530    -0.500     0.690
