% Calibrated with leiden_pols
% Positions are in centimeters
Data =[
 2    97.051   -21.964    59.901
 2     0.920     0.390    -0.000
 2    -0.390     0.920    -0.070
 2    -0.030     0.070     1.000
 3   126.744    -1.676    -2.535
 3    -0.330    -0.100    -0.940
 3     0.060    -0.990     0.080
 3    -0.940    -0.030     0.340
 4   106.987    10.951    -9.704
 4     0.500     0.850    -0.150
 4    -0.720     0.500     0.480
 4     0.480    -0.140     0.860
 5   106.249    35.245    -9.266
 5    -0.290    -0.950     0.150
 5     0.500    -0.280    -0.820
 5     0.810    -0.160     0.560
 6   133.227    37.518   -13.604
 6     0.980    -0.200     0.040
 6     0.200     0.970    -0.110
 6    -0.020     0.120     0.990
 7   108.811   -17.828    -9.060
 7     0.570    -0.820    -0.020
 7     0.720     0.510    -0.470
 7     0.400     0.250     0.880
 8   105.907   -42.247    -2.180
 8    -0.330     0.940     0.020
 8    -0.180    -0.090     0.980
 8     0.930     0.320     0.200
 9   134.892   -43.555   -10.115
 9     0.960     0.260    -0.060
 9    -0.270     0.960    -0.050
 9     0.040     0.060     1.000
 2    97.051   -21.964    59.901
 2     0.920     0.390    -0.000
 2    -0.390     0.920    -0.070
 2    -0.030     0.070     1.000
 3   126.850    -1.781    -2.575
 3    -0.340    -0.110    -0.940
 3     0.050    -0.990     0.090
 3    -0.940    -0.020     0.340
 4   107.235    10.899    -9.963
 4     0.510     0.840    -0.160
 4    -0.710     0.520     0.480
 4     0.490    -0.130     0.860
 5   106.756    35.406    -9.772
 5    -0.300    -0.940     0.150
 5     0.520    -0.290    -0.800
 5     0.800    -0.160     0.580
 6   133.732    37.307   -13.497
 6     0.980    -0.210     0.070
 6     0.210     0.970    -0.110
 6    -0.050     0.120     0.990
 7   108.810   -17.876    -8.881
 7     0.560    -0.830    -0.010
 7     0.720     0.500    -0.480
 7     0.400     0.260     0.880
 8   105.810   -42.195    -1.468
 8    -0.330     0.940     0.000
 8    -0.180    -0.060     0.980
 8     0.930     0.320     0.200
 9   134.842   -43.648    -9.471
 9     0.960     0.260    -0.050
 9    -0.270     0.960    -0.070
 9     0.030     0.080     1.000
 2    97.051   -21.964    59.901
 2     0.920     0.390    -0.000
 2    -0.390     0.920    -0.070
 2    -0.030     0.070     1.000
 3   126.854    -1.829    -2.575
 3    -0.340    -0.110    -0.940
 3     0.050    -0.990     0.100
 3    -0.940    -0.010     0.340
 4   107.383    10.900   -10.009
 4     0.520     0.840    -0.160
 4    -0.710     0.520     0.480
 4     0.490    -0.130     0.860
 5   107.139    35.261    -9.581
 5    -0.310    -0.940     0.150
 5     0.510    -0.290    -0.810
 5     0.800    -0.170     0.570
 6   134.049    37.062   -13.527
 6     0.970    -0.210     0.070
 6     0.220     0.970    -0.110
 6    -0.040     0.120     0.990
 7   108.763   -18.018    -8.835
 7     0.560    -0.830    -0.010
 7     0.730     0.490    -0.480
 7     0.400     0.260     0.880
 8   105.671   -42.187    -1.208
 8    -0.330     0.940    -0.010
 8    -0.180    -0.060     0.980
 8     0.930     0.320     0.190
 9   134.675   -43.690    -9.069
 9     0.960     0.260    -0.050
 9    -0.270     0.960    -0.070
 9     0.030     0.080     1.000
 2    97.051   -21.964    59.901
 2     0.920     0.390    -0.000
 2    -0.390     0.920    -0.070
 2    -0.030     0.070     1.000
 3   126.903    -1.981    -2.657
 3    -0.340    -0.100    -0.930
 3     0.040    -0.990     0.100
 3    -0.940    -0.010     0.340
 4   107.482    10.759   -10.100
 4     0.520     0.840    -0.160
 4    -0.700     0.530     0.480
 4     0.490    -0.130     0.860
 5   107.386    35.167    -9.714
 5    -0.310    -0.940     0.150
 5     0.510    -0.300    -0.800
 5     0.800    -0.180     0.580
 6   134.374    36.873   -13.534
 6     0.970    -0.220     0.070
 6     0.230     0.970    -0.110
 6    -0.040     0.120     0.990
 7   108.711   -18.161    -8.777
 7     0.550    -0.830    -0.010
 7     0.730     0.490    -0.480
 7     0.410     0.260     0.880
 8   105.492   -42.363    -1.086
 8    -0.320     0.950    -0.000
 8    -0.180    -0.050     0.980
 8     0.930     0.310     0.180
 9   134.468   -44.022    -9.133
 9     0.960     0.260    -0.060
 9    -0.260     0.960    -0.080
 9     0.040     0.090     0.990
 2    97.051   -21.964    59.901
 2     0.920     0.390    -0.000
 2    -0.390     0.920    -0.070
 2    -0.030     0.070     1.000
 3   126.907    -2.126    -2.656
 3    -0.340    -0.100    -0.930
 3     0.040    -0.990     0.100
 3    -0.940    -0.000     0.340
 4   107.580    10.758   -10.189
 4     0.520     0.830    -0.170
 4    -0.700     0.530     0.480
 4     0.490    -0.130     0.860
 5   107.534    35.214    -9.664
 5    -0.320    -0.940     0.150
 5     0.510    -0.300    -0.800
 5     0.800    -0.180     0.580
 6   134.538    36.826   -13.582
 6     0.970    -0.220     0.070
 6     0.230     0.970    -0.110
 6    -0.040     0.120     0.990
 7   108.662   -18.160    -8.777
 7     0.550    -0.840    -0.010
 7     0.730     0.490    -0.480
 7     0.410     0.260     0.880
 8   105.436   -42.317    -1.078
 8    -0.320     0.950    -0.010
 8    -0.170    -0.050     0.980
 8     0.930     0.310     0.180
 9   134.363   -44.065    -9.131
 9     0.960     0.260    -0.070
 9    -0.260     0.960    -0.080
 9     0.040     0.090     0.990
 2    97.055   -21.965    59.946
 2     0.920     0.390    -0.000
 2    -0.390     0.920    -0.070
 2    -0.030     0.070     1.000
 3   126.960    -2.176    -2.659
 3    -0.340    -0.100    -0.930
 3     0.040    -0.990     0.100
 3    -0.940    -0.000     0.340
 4   107.580    10.807   -10.148
 4     0.530     0.830    -0.170
 4    -0.700     0.530     0.480
 4     0.490    -0.140     0.860
 5   107.532    35.307    -9.533
 5    -0.320    -0.940     0.140
 5     0.520    -0.300    -0.800
 5     0.800    -0.180     0.580
 6   134.642    36.875   -13.363
 6     0.970    -0.220     0.070
 6     0.230     0.970    -0.100
 6    -0.040     0.120     0.990
 7   108.614   -18.158    -8.777
 7     0.550    -0.840    -0.010
 7     0.730     0.480    -0.480
 7     0.410     0.260     0.880
 8   105.341   -42.312    -0.947
 8    -0.320     0.950    -0.010
 8    -0.170    -0.050     0.980
 8     0.930     0.310     0.180
 9   134.248   -44.160    -9.020
 9     0.960     0.250    -0.070
 9    -0.260     0.960    -0.080
 9     0.050     0.100     0.990
 2    97.051   -21.964    59.901
 2     0.920     0.390    -0.000
 2    -0.390     0.920    -0.070
 2    -0.030     0.070     1.000
 3   126.960    -2.126    -2.704
 3    -0.340    -0.100    -0.930
 3     0.040    -0.990     0.100
 3    -0.940    -0.000     0.340
 4   107.526    10.899   -10.014
 4     0.520     0.840    -0.160
 4    -0.700     0.530     0.490
 4     0.490    -0.150     0.860
 5   107.220    35.482    -7.509
 5    -0.310    -0.940     0.130
 5     0.430    -0.260    -0.860
 5     0.850    -0.210     0.490
 6   133.830    37.068   -14.305
 6     0.970    -0.230    -0.050
 6     0.230     0.970    -0.080
 6     0.060     0.070     1.000
 7   108.614   -18.158    -8.777
 7     0.550    -0.840    -0.010
 7     0.730     0.480    -0.480
 7     0.410     0.260     0.870
 8   105.318   -41.958     0.308
 8    -0.310     0.950    -0.020
 8    -0.130    -0.020     0.990
 8     0.940     0.310     0.130
 9   133.842   -44.256    -9.134
 9     0.960     0.240    -0.130
 9    -0.250     0.960    -0.110
 9     0.100     0.140     0.990
 2    97.051   -21.964    59.901
 2     0.920     0.390    -0.000
 2    -0.390     0.920    -0.070
 2    -0.030     0.070     1.000
 3   126.955    -2.133    -2.695
 3    -0.340    -0.100    -0.930
 3     0.030    -0.990     0.100
 3    -0.940     0.000     0.340
 4   107.526    10.900    -9.926
 4     0.520     0.840    -0.150
 4    -0.690     0.530     0.490
 4     0.490    -0.150     0.860
 5   107.097    35.460    -6.984
 5    -0.310    -0.940     0.150
 5     0.370    -0.260    -0.890
 5     0.880    -0.220     0.430
