% Calibrated with leiden_pols
% Positions are in centimeters
Data =[
 2    97.052   -22.012    59.902
 2     0.920     0.390    -0.000
 2    -0.390     0.920    -0.070
 2    -0.030     0.070     1.000
 3   127.872    -0.813     0.497
 3    -0.240    -0.110    -0.960
 3     0.020    -0.990     0.110
 3    -0.970     0.010     0.240
 4   111.309    16.661    -4.313
 4     0.540     0.840     0.080
 4    -0.720     0.410     0.560
 4     0.440    -0.360     0.820
 5   108.881    31.125    17.879
 5     0.030    -0.400    -0.920
 5     0.890     0.420    -0.160
 5     0.450    -0.810     0.370
 6   119.198    37.729    41.856
 6     0.290     0.060     0.950
 6    -0.930     0.250     0.270
 6    -0.220    -0.970     0.130
 7   114.994   -21.395    -4.776
 7     0.680    -0.710     0.190
 7     0.690     0.510    -0.520
 7     0.260     0.480     0.830
 8   110.134   -35.239    18.337
 8    -0.040     0.450    -0.890
 8    -0.700     0.620     0.350
 8     0.710     0.640     0.290
 9   121.719   -46.053    40.538
 9     0.340    -0.170     0.920
 9     0.940     0.140    -0.320
 9    -0.070     0.970     0.210
 2    97.052   -22.012    59.902
 2     0.920     0.390    -0.000
 2    -0.390     0.920    -0.070
 2    -0.030     0.070     1.000
 3   127.872    -0.813     0.497
 3    -0.240    -0.110    -0.960
 3     0.020    -0.990     0.110
 3    -0.970     0.010     0.240
 4   111.259    16.614    -4.267
 4     0.540     0.840     0.080
 4    -0.720     0.410     0.560
 4     0.440    -0.360     0.820
 5   108.830    31.077    17.881
 5     0.030    -0.400    -0.920
 5     0.890     0.420    -0.160
 5     0.450    -0.810     0.370
 6   119.194    37.730    41.813
 6     0.290     0.060     0.950
 6    -0.930     0.240     0.270
 6    -0.220    -0.970     0.130
 7   114.990   -21.398    -4.805
 7     0.680    -0.710     0.190
 7     0.690     0.510    -0.520
 7     0.270     0.480     0.830
 8   110.087   -35.237    18.336
 8    -0.040     0.450    -0.890
 8    -0.700     0.620     0.350
 8     0.710     0.640     0.290
 9   121.716   -46.052    40.494
 9     0.340    -0.170     0.920
 9     0.940     0.140    -0.320
 9    -0.070     0.970     0.210
 2    97.052   -22.012    59.902
 2     0.920     0.390    -0.000
 2    -0.390     0.920    -0.070
 2    -0.030     0.070     1.000
 3   127.818    -0.812     0.543
 3    -0.230    -0.110    -0.970
 3     0.020    -0.990     0.110
 3    -0.970     0.010     0.240
 4   111.259    16.661    -4.312
 4     0.540     0.840     0.080
 4    -0.720     0.410     0.560
 4     0.440    -0.360     0.820
 5   108.880    31.077    17.879
 5     0.030    -0.400    -0.920
 5     0.890     0.420    -0.160
 5     0.450    -0.810     0.370
 6   119.132    37.722    41.829
 6     0.290     0.060     0.950
 6    -0.930     0.240     0.270
 6    -0.210    -0.970     0.130
 7   114.944   -21.392    -4.820
 7     0.680    -0.710     0.200
 7     0.690     0.510    -0.520
 7     0.260     0.480     0.830
 8   110.089   -35.284    18.381
 8    -0.040     0.450    -0.890
 8    -0.700     0.620     0.350
 8     0.710     0.640     0.290
 9   121.718   -46.006    40.538
 9     0.340    -0.170     0.920
 9     0.940     0.140    -0.320
 9    -0.070     0.980     0.210
 2    97.052   -22.012    59.902
 2     0.920     0.390    -0.000
 2    -0.390     0.920    -0.070
 2    -0.030     0.070     1.000
 3   127.818    -0.812     0.543
 3    -0.230    -0.120    -0.970
 3     0.020    -0.990     0.110
 3    -0.970     0.010     0.240
 4   111.210    16.661    -4.312
 4     0.540     0.840     0.080
 4    -0.720     0.410     0.560
 4     0.440    -0.360     0.820
 5   108.780    31.077    17.882
 5     0.030    -0.400    -0.920
 5     0.890     0.420    -0.160
 5     0.450    -0.810     0.370
 6   119.080    37.721    41.832
 6     0.290     0.060     0.950
 6    -0.930     0.240     0.270
 6    -0.210    -0.970     0.130
 7   114.944   -21.393    -4.775
 7     0.680    -0.710     0.200
 7     0.690     0.510    -0.520
 7     0.260     0.480     0.830
 8   110.136   -35.239    18.381
 8    -0.040     0.450    -0.890
 8    -0.700     0.620     0.350
 8     0.710     0.640     0.290
 9   121.671   -46.101    40.583
 9     0.340    -0.170     0.920
 9     0.940     0.140    -0.320
 9    -0.070     0.980     0.210
 2    97.052   -22.012    59.902
 2     0.920     0.390    -0.000
 2    -0.390     0.920    -0.070
 2    -0.030     0.070     1.000
 3   127.817    -0.764     0.544
 3    -0.240    -0.110    -0.970
 3     0.020    -0.990     0.110
 3    -0.970     0.010     0.240
 4   111.210    16.661    -4.312
 4     0.540     0.840     0.080
 4    -0.720     0.410     0.560
 4     0.440    -0.360     0.820
 5   108.733    31.124    17.925
 5     0.030    -0.400    -0.920
 5     0.890     0.420    -0.160
 5     0.450    -0.810     0.370
 6   119.081    37.768    41.831
 6     0.290     0.060     0.950
 6    -0.930     0.240     0.270
 6    -0.210    -0.970     0.130
 7   114.943   -21.345    -4.775
 7     0.680    -0.710     0.200
 7     0.690     0.510    -0.520
 7     0.260     0.480     0.830
 8   110.134   -35.192    18.381
 8    -0.040     0.450    -0.890
 8    -0.700     0.620     0.350
 8     0.710     0.640     0.290
 9   121.719   -46.054    40.538
 9     0.340    -0.170     0.920
 9     0.940     0.140    -0.320
 9    -0.070     0.980     0.210
 2    97.051   -21.964    59.901
 2     0.920     0.390    -0.000
 2    -0.390     0.920    -0.070
 2    -0.030     0.070     1.000
 3   127.818    -0.812     0.543
 3    -0.230    -0.110    -0.970
 3     0.020    -0.990     0.110
 3    -0.970     0.010     0.240
 4   111.309    16.661    -4.357
 4     0.540     0.840     0.080
 4    -0.720     0.410     0.560
 4     0.440    -0.360     0.820
 5   108.734    31.134    17.734
 5     0.040    -0.400    -0.920
 5     0.890     0.420    -0.150
 5     0.440    -0.810     0.370
 6   118.776    37.627    41.885
 6     0.280     0.060     0.960
 6    -0.930     0.250     0.260
 6    -0.220    -0.970     0.130
 7   114.943   -21.393    -4.820
 7     0.680    -0.710     0.200
 7     0.690     0.510    -0.510
 7     0.260     0.480     0.840
 8   110.091   -35.419    18.053
 8    -0.030     0.450    -0.890
 8    -0.710     0.620     0.340
 8     0.700     0.640     0.300
 9   121.414   -46.087    40.532
 9     0.330    -0.170     0.930
 9     0.940     0.140    -0.310
 9    -0.080     0.970     0.210
 2    97.051   -21.964    59.901
 2     0.920     0.390    -0.000
 2    -0.390     0.920    -0.070
 2    -0.030     0.070     1.000
 3   128.029    -0.766     0.485
 3    -0.230    -0.110    -0.970
 3     0.020    -0.990     0.110
 3    -0.970     0.000     0.230
 4   111.557    16.666    -4.458
 4     0.530     0.840     0.090
 4    -0.730     0.400     0.550
 4     0.430    -0.360     0.830
 5   108.489    31.192    17.545
 5     0.060    -0.400    -0.920
 5     0.900     0.420    -0.130
 5     0.430    -0.820     0.380
 6   117.747    37.522    42.070
 6     0.250     0.060     0.970
 6    -0.940     0.260     0.230
 6    -0.230    -0.960     0.120
 7   115.294   -21.357    -4.956
 7     0.670    -0.710     0.200
 7     0.690     0.520    -0.500
 7     0.260     0.480     0.840
 8   109.848   -35.353    17.767
 8    -0.010     0.450    -0.890
 8    -0.720     0.610     0.320
 8     0.690     0.650     0.320
 9   120.645   -46.050    40.526
 9     0.310    -0.170     0.940
 9     0.950     0.150    -0.280
 9    -0.100     0.970     0.200
 2    97.052   -22.012    59.902
 2     0.920     0.390    -0.000
 2    -0.390     0.920    -0.070
 2    -0.030     0.070     1.000
 3   128.240    -0.751     0.413
 3    -0.220    -0.110    -0.970
 3     0.020    -0.990     0.110
 3    -0.980    -0.000     0.220
 4   111.755    16.764    -4.516
 4     0.520     0.850     0.100
 4    -0.740     0.390     0.540
 4     0.420    -0.360     0.830
 5   107.897    31.059    17.367
 5     0.090    -0.390    -0.910
 5     0.900     0.420    -0.090
 5     0.420    -0.820     0.390
