% Calibrated with leiden_pols
% Positions are in centimeters
Data =[
 2    83.429    -3.778    58.691
 2     0.680     0.730    -0.040
 2    -0.730     0.680    -0.010
 2     0.020     0.040     1.000
 3   125.269    -0.664     3.459
 3    -0.630    -0.190    -0.760
 3     0.200    -0.980     0.080
 3    -0.750    -0.100     0.650
 4   110.360    19.734    -1.294
 4     0.570     0.780     0.240
 4    -0.800     0.460     0.390
 4     0.190    -0.420     0.890
 5   106.973    26.697    27.211
 5    -0.100    -0.170    -0.980
 5     0.630     0.750    -0.190
 5     0.770    -0.640     0.030
 6   122.559    30.599    50.945
 6     0.480    -0.160     0.860
 6    -0.810     0.290     0.510
 6    -0.340    -0.940     0.010
 7   110.635   -20.218    -2.795
 7     0.710    -0.700     0.100
 7     0.640     0.590    -0.490
 7     0.280     0.410     0.870
 8   110.325   -27.899    27.102
 8    -0.160     0.140    -0.980
 8    -0.660     0.720     0.220
 8     0.730     0.680    -0.020
 9   125.655   -32.213    51.179
 9     0.440     0.040     0.900
 9     0.890     0.080    -0.440
 9    -0.090     1.000    -0.000
 2    83.429    -3.778    58.691
 2     0.680     0.730    -0.040
 2    -0.730     0.680    -0.010
 2     0.020     0.040     1.000
 3   125.268    -0.712     3.415
 3    -0.630    -0.190    -0.760
 3     0.200    -0.980     0.080
 3    -0.750    -0.100     0.650
 4   110.310    19.734    -1.293
 4     0.570     0.780     0.240
 4    -0.800     0.460     0.390
 4     0.190    -0.420     0.890
 5   106.925    26.697    27.211
 5    -0.100    -0.170    -0.980
 5     0.630     0.750    -0.190
 5     0.770    -0.640     0.030
 6   122.510    30.598    50.991
 6     0.480    -0.160     0.860
 6    -0.810     0.290     0.500
 6    -0.340    -0.940     0.010
 7   110.685   -20.220    -2.840
 7     0.710    -0.700     0.100
 7     0.640     0.590    -0.490
 7     0.280     0.410     0.870
 8   110.326   -27.947    27.102
 8    -0.160     0.140    -0.980
 8    -0.660     0.720     0.210
 8     0.730     0.680    -0.020
 9   125.716   -32.218    51.265
 9     0.440     0.040     0.900
 9     0.890     0.080    -0.440
 9    -0.090     1.000    -0.000
 2    83.476    -3.777    58.690
 2     0.680     0.730    -0.040
 2    -0.740     0.680    -0.010
 2     0.020     0.040     1.000
 3   125.269    -0.712     3.458
 3    -0.620    -0.190    -0.760
 3     0.200    -0.980     0.080
 3    -0.750    -0.100     0.650
 4   110.310    19.734    -1.293
 4     0.570     0.780     0.240
 4    -0.800     0.460     0.390
 4     0.190    -0.420     0.890
 5   106.925    26.745    27.210
 5    -0.100    -0.170    -0.980
 5     0.630     0.750    -0.190
 5     0.770    -0.640     0.030
 6   122.510    30.598    50.991
 6     0.480    -0.160     0.860
 6    -0.810     0.290     0.510
 6    -0.340    -0.940     0.010
 7   110.685   -20.267    -2.795
 7     0.710    -0.700     0.100
 7     0.640     0.590    -0.490
 7     0.280     0.410     0.870
 8   110.326   -27.947    27.102
 8    -0.160     0.140    -0.980
 8    -0.660     0.720     0.210
 8     0.730     0.680    -0.020
 9   125.713   -32.218    51.220
 9     0.440     0.050     0.900
 9     0.890     0.080    -0.440
 9    -0.090     1.000    -0.010
 2    83.427    -3.777    58.647
 2     0.680     0.730    -0.040
 2    -0.730     0.680    -0.010
 2     0.020     0.040     1.000
 3   125.283    -0.706     3.470
 3    -0.620    -0.190    -0.760
 3     0.200    -0.980     0.080
 3    -0.760    -0.100     0.650
 4   110.310    19.687    -1.249
 4     0.570     0.780     0.250
 4    -0.800     0.460     0.380
 4     0.190    -0.420     0.890
 5   106.925    26.745    27.210
 5    -0.100    -0.170    -0.980
 5     0.630     0.750    -0.190
 5     0.770    -0.640     0.030
 6   122.510    30.598    50.991
 6     0.480    -0.160     0.860
 6    -0.810     0.290     0.500
 6    -0.340    -0.940     0.010
 7   110.686   -20.267    -2.840
 7     0.710    -0.700     0.100
 7     0.640     0.590    -0.490
 7     0.280     0.410     0.870
 8   110.327   -27.995    27.102
 8    -0.160     0.140    -0.980
 8    -0.660     0.720     0.220
 8     0.730     0.680    -0.020
 9   125.712   -32.170    51.220
 9     0.440     0.050     0.900
 9     0.890     0.080    -0.440
 9    -0.090     1.000    -0.010
 2    83.429    -3.778    58.691
 2     0.680     0.730    -0.040
 2    -0.730     0.680    -0.010
 2     0.020     0.040     1.000
 3   125.230    -0.606     3.428
 3    -0.620    -0.190    -0.760
 3     0.200    -0.980     0.080
 3    -0.760    -0.100     0.650
 4   110.310    19.687    -1.249
 4     0.570     0.780     0.250
 4    -0.800     0.460     0.380
 4     0.190    -0.420     0.890
 5   106.973    26.745    27.210
 5    -0.100    -0.170    -0.980
 5     0.630     0.750    -0.190
 5     0.770    -0.640     0.030
 6   122.552    30.592    51.001
 6     0.480    -0.160     0.860
 6    -0.810     0.290     0.510
 6    -0.330    -0.940     0.010
 7   110.685   -20.268    -2.750
 7     0.710    -0.700     0.100
 7     0.640     0.590    -0.490
 7     0.280     0.410     0.870
 8   110.327   -27.947    27.145
 8    -0.160     0.140    -0.980
 8    -0.660     0.720     0.210
 8     0.730     0.680    -0.020
 9   125.659   -32.168    51.222
 9     0.440     0.050     0.900
 9     0.890     0.080    -0.450
 9    -0.090     1.000    -0.010
 2    83.476    -3.778    58.689
 2     0.680     0.730    -0.040
 2    -0.730     0.680    -0.010
 2     0.020     0.040     1.000
 3   125.230    -0.656     3.472
 3    -0.620    -0.190    -0.760
 3     0.200    -0.980     0.080
 3    -0.760    -0.100     0.650
 4   110.310    19.687    -1.249
 4     0.570     0.780     0.250
 4    -0.800     0.460     0.380
 4     0.190    -0.420     0.890
 5   106.973    26.745    27.210
 5    -0.100    -0.170    -0.980
 5     0.630     0.750    -0.190
 5     0.770    -0.640     0.030
 6   122.551    30.544    51.002
 6     0.480    -0.160     0.860
 6    -0.810     0.290     0.510
 6    -0.330    -0.940     0.010
 7   110.685   -20.221    -2.750
 7     0.710    -0.700     0.100
 7     0.640     0.590    -0.490
 7     0.280     0.410     0.870
 8   110.328   -27.947    27.144
 8    -0.160     0.140    -0.980
 8    -0.670     0.710     0.210
 8     0.730     0.680    -0.020
 9   125.716   -32.172    51.264
 9     0.440     0.050     0.900
 9     0.890     0.080    -0.440
 9    -0.090     1.000    -0.010
 2    83.429    -3.778    58.691
 2     0.680     0.730    -0.040
 2    -0.730     0.680    -0.010
 2     0.020     0.040     1.000
 3   125.230    -0.657     3.517
 3    -0.620    -0.190    -0.760
 3     0.200    -0.980     0.080
 3    -0.760    -0.100     0.650
 4   110.360    19.734    -1.117
 4     0.570     0.780     0.250
 4    -0.800     0.460     0.390
 4     0.190    -0.420     0.890
 5   106.977    26.809    27.018
 5    -0.080    -0.170    -0.980
 5     0.640     0.740    -0.180
 5     0.760    -0.650     0.050
 6   122.551    30.544    51.002
 6     0.480    -0.160     0.860
 6    -0.810     0.290     0.510
 6    -0.330    -0.940     0.010
 7   110.784   -20.224    -2.662
 7     0.710    -0.690     0.100
 7     0.640     0.590    -0.490
 7     0.280     0.420     0.860
 8   110.233   -28.038    27.188
 8    -0.160     0.150    -0.980
 8    -0.670     0.710     0.210
 8     0.730     0.690    -0.020
 9   125.667   -32.171    51.309
 9     0.440     0.050     0.900
 9     0.890     0.070    -0.450
 9    -0.090     1.000    -0.010
 2    83.429    -3.778    58.691
 2     0.680     0.730    -0.040
 2    -0.730     0.680    -0.010
 2     0.020     0.040     1.000
 3   125.178    -0.657     3.564
 3    -0.620    -0.190    -0.760
 3     0.200    -0.980     0.080
 3    -0.760    -0.100     0.640
 4   110.408    19.688    -1.031
 4     0.570     0.780     0.260
 4    -0.800     0.460     0.390
 4     0.190    -0.430     0.880
 5   106.929    26.809    27.019
 5    -0.080    -0.170    -0.980
 5     0.640     0.740    -0.180
 5     0.760    -0.640     0.050
