8.377037e+00,4.126567e+00,1.527138e+00,-2.123210e+01,1.253484e+00,-8.556807e+00,2.653446e+01,-1.410896e+01,-2.384636e+01,-5.537193e+01,1.150058e+01,7.491699e+01,4.096983e+02,0,0,8.377037e+00,-4.126567e+00,-1.527138e+00,-1.015290e+01,4.794057e+00,-7.849322e+00,3.881330e+01,-1.180907e+01,-2.102002e+01,-1.894150e+01,1.972400e+01,5.826239e+01,4.029426e+02,0,0
8.063865e+00,4.363989e+00,1.041647e+00,-2.121650e+01,2.008868e+00,-8.093352e+00,2.617487e+01,-1.319054e+01,-2.354508e+01,-5.459943e+01,1.194432e+01,7.370769e+01,4.088015e+02,0,0,8.063865e+00,-4.363989e+00,-1.041647e+00,-1.066401e+01,4.970962e+00,-8.549718e+00,3.759364e+01,-1.171093e+01,-2.104926e+01,-1.963986e+01,1.911416e+01,5.614639e+01,3.984272e+02,0,0
7.510010e+00,4.380374e+00,1.034070e+00,-2.167803e+01,1.472828e+00,-7.549856e+00,2.594380e+01,-1.325285e+01,-2.365804e+01,-5.277282e+01,1.121582e+01,7.188125e+01,4.069543e+02,0,0,7.510010e+00,-4.380374e+00,-1.034070e+00,-1.122152e+01,4.686851e+00,-8.334798e+00,3.744239e+01,-1.136954e+01,-2.131971e+01,-1.927976e+01,1.858883e+01,5.515882e+01,3.968751e+02,0,0
7.633037e+00,4.136501e+00,1.531054e+00,-2.109256e+01,9.143833e-01,-8.849179e+00,2.599585e+01,-1.368208e+01,-2.379215e+01,-5.562058e+01,1.102362e+01,7.500057e+01,4.097061e+02,0,0,7.633037e+00,-4.136501e+00,-1.531054e+00,-1.241040e+01,5.398157e+00,-7.662718e+00,3.684055e+01,-1.043284e+01,-2.185587e+01,-1.788643e+01,1.857526e+01,5.239707e+01,3.927938e+02,0,0
7.344432e+00,3.838171e+00,2.024188e+00,-2.097768e+01,-7.657878e-01,-6.869014e+00,2.702512e+01,-1.328807e+01,-2.305640e+01,-5.659462e+01,1.034143e+01,7.811637e+01,4.110292e+02,0,0,7.344432e+00,-3.838171e+00,-2.024188e+00,-1.309059e+01,4.669647e+00,-5.561320e+00,3.647300e+01,-9.775647e+00,-2.146458e+01,-1.454634e+01,1.845749e+01,4.901984e+01,3.894193e+02,0,0
6.999794e+00,3.567620e+00,2.534242e+00,-2.108285e+01,-5.962094e-01,-4.909963e+00,2.829471e+01,-1.267615e+01,-2.171959e+01,-5.468757e+01,9.587143e+00,7.783417e+01,4.098506e+02,0,0,6.999794e+00,-3.567620e+00,-2.534242e+00,-1.406938e+01,4.941298e+00,-5.081343e+00,3.643416e+01,-9.221225e+00,-2.082537e+01,-1.280150e+01,1.789796e+01,4.571397e+01,3.858912e+02,0,0
7.554482e+00,4.070251e+00,2.908705e+00,-2.071289e+01,-6.840214e-01,-6.815426e+00,2.871431e+01,-1.244076e+01,-2.248759e+01,-5.850213e+01,1.028159e+01,8.171341e+01,4.129754e+02,0,0,7.554482e+00,-4.070251e+00,-2.908705e+00,-1.405408e+01,4.598870e+00,-5.018218e+00,3.623772e+01,-9.213992e+00,-2.145095e+01,-1.555364e+01,1.799693e+01,4.776773e+01,3.874287e+02,0,0
7.989849e+00,4.279549e+00,3.670719e+00,-2.060096e+01,-1.567203e+00,-7.893374e+00,2.884354e+01,-1.309627e+01,-2.337726e+01,-5.987002e+01,1.042320e+01,8.435627e+01,4.153663e+02,0,0,7.989849e+00,-4.279549e+00,-3.670719e+00,-1.389065e+01,4.536503e+00,-4.997984e+00,3.620258e+01,-8.805945e+00,-2.211931e+01,-1.692539e+01,1.843039e+01,4.876170e+01,3.887908e+02,0,0
7.740306e+00,5.277855e+00,4.201460e+00,-1.987693e+01,-1.659903e+00,-7.791128e+00,2.939611e+01,-1.303799e+01,-2.261298e+01,-6.309688e+01,1.078945e+01,8.775770e+01,4.189936e+02,0,0,7.740306e+00,-5.277855e+00,-4.201460e+00,-1.392409e+01,4.392364e+00,-5.713777e+00,3.693850e+01,-8.304896e+00,-2.154741e+01,-1.461190e+01,1.875110e+01,4.670885e+01,3.892944e+02,0,0
7.469012e+00,5.814650e+00,4.494447e+00,-2.009138e+01,-1.220509e+00,-6.867566e+00,2.916145e+01,-1.352494e+01,-2.327581e+01,-6.423274e+01,1.095360e+01,8.875118e+01,4.193436e+02,0,0,7.469012e+00,-5.814650e+00,-4.494447e+00,-1.326855e+01,5.259722e+00,-4.656124e+00,3.702330e+01,-8.016565e+00,-2.183158e+01,-1.342171e+01,1.964025e+01,4.748003e+01,3.919959e+02,0,0
7.501125e+00,6.074745e+00,4.001546e+00,-1.913553e+01,-1.580181e+00,-1.036245e+01,3.038495e+01,-1.588607e+01,-2.295575e+01,-5.872959e+01,1.370245e+01,8.175566e+01,4.173444e+02,0,0,7.501125e+00,-6.074745e+00,-4.001546e+00,-1.293380e+01,4.950892e+00,-4.940098e+00,3.731720e+01,-8.437564e+00,-2.157387e+01,-9.473386e+00,1.732637e+01,4.726450e+01,3.916003e+02,0,0
6.649019e+00,6.313442e+00,3.508107e+00,-1.986942e+01,-1.511061e+00,-1.037670e+01,2.968023e+01,-1.604001e+01,-2.306326e+01,-5.091376e+01,1.472084e+01,6.966616e+01,4.121745e+02,0,0,6.649019e+00,-6.313442e+00,-3.508107e+00,-1.247955e+01,5.180608e+00,-4.594801e+00,3.784671e+01,-8.292917e+00,-2.169643e+01,-1.079847e+01,1.703179e+01,4.929698e+01,3.936721e+02,0,0
6.222076e+00,6.141754e+00,2.606405e+00,-1.946465e+01,-8.454665e-01,-1.025908e+01,2.995956e+01,-1.597247e+01,-2.352269e+01,-4.405909e+01,1.521760e+01,6.173870e+01,3.992160e+02,0,0,6.222076e+00,-6.141754e+00,-2.606405e+00,-1.305420e+01,4.851309e+00,-6.148052e+00,3.755379e+01,-8.726194e+00,-2.150385e+01,-1.407317e+01,1.792932e+01,5.026344e+01,3.963221e+02,0,0
6.235289e+00,6.139225e+00,2.611847e+00,-1.955505e+01,-1.491671e+00,-9.001137e+00,2.980161e+01,-1.599454e+01,-2.341628e+01,-4.449031e+01,1.513500e+01,6.215369e+01,3.995987e+02,0,0,6.235289e+00,-6.139225e+00,-2.611847e+00,-1.356503e+01,5.041729e+00,-5.822662e+00,3.677126e+01,-8.438100e+00,-2.155897e+01,-1.591211e+01,1.820517e+01,5.127159e+01,3.974630e+02,0,0
6.278569e+00,6.402364e+00,2.117551e+00,-2.024019e+01,-1.574998e+00,-1.025920e+01,2.935948e+01,-1.618659e+01,-2.309923e+01,-4.247471e+01,1.469410e+01,5.758205e+01,3.960459e+02,0,0,6.278569e+00,-6.402364e+00,-2.117551e+00,-1.287977e+01,4.899954e+00,-6.021994e+00,3.707059e+01,-8.861836e+00,-2.130504e+01,-1.336042e+01,1.710032e+01,4.931599e+01,3.968015e+02,0,0
7.179776e+00,5.921722e+00,1.839849e+00,-2.091746e+01,-1.229756e+00,-9.598719e+00,2.836324e+01,-1.511489e+01,-2.261696e+01,-3.275532e+01,1.427912e+01,4.644153e+01,3.869578e+02,0,0,7.179776e+00,-5.921722e+00,-1.839849e+00,-1.333998e+01,5.478264e+00,-4.071004e+00,3.741913e+01,-8.464747e+00,-2.113488e+01,-1.028705e+01,1.719352e+01,4.609178e+01,3.917565e+02,0,0
8.193281e+00,5.161647e+00,8.129313e-01,-2.079842e+01,-4.815935e-01,-6.742736e+00,2.895246e+01,-1.459960e+01,-2.144355e+01,-3.121496e+01,1.306436e+01,4.663319e+01,3.874139e+02,0,0,8.193281e+00,-5.161647e+00,-8.129313e-01,-1.336941e+01,4.881779e+00,-5.515860e+00,3.664370e+01,-8.656419e+00,-2.056511e+01,-1.107932e+01,1.566165e+01,4.712911e+01,3.920792e+02,0,0
8.792278e+00,4.378983e+00,1.037025e+00,-2.084310e+01,-9.068024e-01,-9.545128e+00,2.782627e+01,-1.525322e+01,-2.303975e+01,-4.258185e+01,1.140578e+01,6.075872e+01,3.918884e+02,0,0,8.792278e+00,-4.378983e+00,-1.037025e+00,-1.286815e+01,4.946406e+00,-6.220920e+00,3.660112e+01,-8.901071e+00,-2.115900e+01,-1.636612e+01,1.643043e+01,5.208874e+01,3.989795e+02,0,0
8.792278e+00,4.378983e+00,1.037025e+00,-2.104828e+01,-6.859246e-01,-7.969421e+00,2.755354e+01,-1.501685e+01,-2.322039e+01,-4.593316e+01,1.193918e+01,6.262097e+01,3.916950e+02,0,0,8.792278e+00,-4.378983e+00,-1.037025e+00,-1.339120e+01,5.131664e+00,-4.668546e+00,3.625533e+01,-8.725129e+00,-2.146001e+01,-1.834984e+01,1.655608e+01,5.303932e+01,3.988465e+02,0,0
8.795511e+00,4.858936e+00,1.309060e+00,-2.089564e+01,-1.198642e+00,-7.468802e+00,2.752928e+01,-1.485045e+01,-2.280133e+01,-4.057283e+01,1.194729e+01,5.531371e+01,3.853922e+02,0,0,8.795511e+00,-4.858936e+00,-1.309060e+00,-1.319930e+01,5.402753e+00,-4.349397e+00,3.590216e+01,-7.845284e+00,-2.176476e+01,-1.791808e+01,1.690074e+01,5.288991e+01,3.985008e+02,0,0
9.463183e+00,5.156819e+00,8.133508e-01,-2.097310e+01,-8.428558e-01,-7.463816e+00,2.725974e+01,-1.451284e+01,-2.367765e+01,-3.951209e+01,1.280784e+01,5.131736e+01,3.841917e+02,0,0,9.463183e+00,-5.156819e+00,-8.133508e-01,-1.364969e+01,5.726534e+00,-5.756719e+00,3.584200e+01,-7.980019e+00,-2.190814e+01,-1.799276e+01,1.633628e+01,5.313039e+01,3.989086e+02,0,0
9.676931e+00,4.444063e+00,-3.352208e-01,-2.286572e+01,-2.706542e-01,-6.898538e+00,2.525055e+01,-1.208749e+01,-2.357442e+01,-1.782517e+01,1.284879e+01,2.571865e+01,3.588654e+02,0,0,9.676931e+00,-4.444063e+00,3.352208e-01,-1.350049e+01,5.500783e+00,-5.168367e+00,3.563846e+01,-8.321149e+00,-2.223698e+01,-1.858251e+01,1.586402e+01,5.372512e+01,4.001815e+02,0,0
1.077669e+01,3.436499e+00,-2.114808e+00,-2.537173e+01,2.290713e+00,-2.869633e+00,2.409206e+01,-8.071497e+00,-2.438451e+01,2.428749e+01,1.760991e+01,-1.437023e+01,3.283426e+02,0,0,1.077669e+01,-3.436499e+00,2.114808e+00,-1.448772e+01,5.956063e+00,-6.339833e+00,3.423602e+01,-8.426422e+00,-2.364019e+01,-2.106236e+01,1.585207e+01,5.509586e+01,4.018660e+02,0,0
1.093692e+01,2.992392e+00,-3.775942e+00,-2.660703e+01,4.958450e+00,-1.839293e+00,2.515707e+01,-4.842832e+00,-2.557593e+01,6.408141e+01,2.500228e+01,-4.228702e+01,3.029553e+02,0,0,1.093692e+01,-2.992392e+00,3.775942e+00,-1.515251e+01,7.614969e+00,-9.312545e+00,3.270538e+01,-8.515589e+00,-2.482341e+01,-1.986035e+01,2.016970e+01,5.196658e+01,4.010924e+02,0,0
1.093136e+01,2.987666e+00,-4.996186e+00,-2.862065e+01,7.371365e+00,3.936726e-01,2.661572e+01,-1.089744e+00,-2.574928e+01,7.952633e+01,3.377147e+01,-4.955241e+01,2.951278e+02,0,0,1.093136e+01,-2.987666e+00,4.996186e+00,-1.508545e+01,7.748289e+00,-8.153442e+00,3.311909e+01,-8.319303e+00,-2.442098e+01,-1.196775e+01,1.951251e+01,4.437008e+01,3.944170e+02,0,0
1.018709e+01,2.738069e+00,-4.537251e+00,-2.896279e+01,8.411418e+00,4.483912e+00,2.682410e+01,4.147945e-01,-2.457908e+01,8.016617e+01,3.566332e+01,-4.894450e+01,2.956795e+02,0,0,1.018709e+01,-2.738069e+00,4.537251e+00,-1.519604e+01,7.661395e+00,-1.054524e+01,3.228431e+01,-8.092465e+00,-2.509881e+01,-1.882428e+01,2.114362e+01,4.769853e+01,3.977337e+02,0,0
1.009947e+01,3.551293e+00,-4.747402e+00,-3.084335e+01,9.354017e+00,3.059605e+00,2.376743e+01,2.045367e-01,-2.516370e+01,6.354934e+01,2.871915e+01,-4.105355e+01,3.077053e+02,0,0,1.009947e+01,-3.551293e+00,4.747402e+00,-1.725547e+01,1.031137e+01,-5.825574e+00,3.055922e+01,-5.537832e+00,-2.404988e+01,-2.590637e+01,2.154716e+01,4.910060e+01,4.001998e+02,0,0
1.288720e+01,4.374269e+00,-7.606900e+00,-3.198766e+01,1.362803e+01,1.230032e+00,1.989938e+01,1.677675e+00,-2.856757e+01,2.707174e+01,1.988191e+01,-7.105544e-01,3.548267e+02,0,0,1.288720e+01,-4.374269e+00,7.606900e+00,-1.762214e+01,1.491786e+01,-2.182277e+00,2.742476e+01,-1.466310e+00,-2.444217e+01,-4.384161e+01,1.875936e+01,6.888731e+01,4.209890e+02,0,0
1.297446e+01,5.175153e+00,-9.139693e+00,-3.549313e+01,1.648607e+01,1.658694e+00,1.700123e+01,4.320870e+00,-2.902758e+01,3.250576e+00,1.921031e+01,2.370185e+01,3.802903e+02,0,0,1.297446e+01,-5.175153e+00,9.139693e+00,-1.808014e+01,1.778257e+01,-4.148704e-01,2.693604e+01,2.703251e+00,-2.387836e+01,-4.637781e+01,1.751758e+01,7.826578e+01,4.311100e+02,0,0
1.230999e+01,5.677855e+00,-8.929351e+00,-3.609538e+01,1.695194e+01,3.885340e+00,1.599877e+01,5.643824e+00,-2.784981e+01,-6.911775e+00,1.816439e+01,3.272236e+01,3.907280e+02,0,0,1.230999e+01,-5.677855e+00,8.929351e+00,-1.809640e+01,1.775042e+01,2.109082e+00,2.750210e+01,4.310682e+00,-2.326571e+01,-3.895391e+01,1.294937e+01,7.914417e+01,4.330401e+02,0,0
1.218878e+01,5.573561e+00,-7.610372e+00,-3.609167e+01,1.569101e+01,3.965520e+00,1.519345e+01,5.396305e+00,-2.719686e+01,-8.530834e+00,1.696186e+01,3.108255e+01,3.926488e+02,0,0,1.218878e+01,-5.573561e+00,7.610372e+00,-1.798729e+01,1.909943e+01,2.186627e+00,2.788337e+01,5.965723e+00,-2.350762e+01,-3.442410e+01,1.314166e+01,7.608830e+01,4.300653e+02,0,0
1.133097e+01,5.663811e+00,-7.633872e+00,-3.660813e+01,1.576045e+01,6.484537e+00,1.541344e+01,6.790528e+00,-2.558032e+01,-2.866711e+00,1.832692e+01,2.989703e+01,3.886397e+02,0,0,1.133097e+01,-5.663811e+00,7.633872e+00,-1.829589e+01,1.856274e+01,2.333725e+00,2.765020e+01,5.580893e+00,-2.260854e+01,-3.128840e+01,1.198694e+01,7.319396e+01,4.269133e+02,0,0
1.129019e+01,6.084303e+00,-7.329662e+00,-3.694222e+01,1.504063e+01,5.955330e+00,1.526161e+01,5.927141e+00,-2.522345e+01,-3.538516e+00,1.824287e+01,3.011069e+01,3.890445e+02,0,0,1.129019e+01,-6.084303e+00,7.329662e+00,-1.802275e+01,1.932165e+01,3.946657e+00,2.765362e+01,6.676317e+00,-2.274815e+01,-2.800740e+01,1.134223e+01,7.077830e+01,4.243235e+02,0,0
1.073183e+01,5.928683e+00,-6.847371e+00,-3.663511e+01,1.444585e+01,5.566474e+00,1.520007e+01,5.281972e+00,-2.483418e+01,-2.730498e+00,1.831611e+01,2.929532e+01,3.880842e+02,0,0,1.073183e+01,-5.928683e+00,6.847371e+00,-1.806061e+01,1.981034e+01,3.277971e+00,2.792507e+01,6.598699e+00,-2.254263e+01,-2.678322e+01,1.155143e+01,6.941858e+01,4.226140e+02,0,0
1.061159e+01,5.621583e+00,-6.217983e+00,-3.601143e+01,1.385640e+01,5.505864e+00,1.520650e+01,4.757393e+00,-2.423960e+01,-4.585285e+00,1.776003e+01,3.069331e+01,3.893304e+02,0,0,1.061159e+01,-5.621583e+00,6.217983e+00,-1.839582e+01,1.964604e+01,3.151354e+00,2.750535e+01,6.635934e+00,-2.261237e+01,-2.929498e+01,1.198021e+01,7.064054e+01,4.241445e+02,0,0
1.116541e+01,6.100814e+00,-5.971257e+00,-3.497370e+01,1.379508e+01,3.700216e+00,1.545477e+01,2.773877e+00,-2.442277e+01,-1.072782e+01,1.827570e+01,3.382282e+01,3.935994e+02,0,0,1.116541e+01,-6.100814e+00,5.971257e+00,-1.776052e+01,2.004418e+01,2.090820e+00,2.806940e+01,5.961395e+00,-2.352313e+01,-2.908167e+01,1.279063e+01,7.089033e+01,4.245145e+02,0,0
1.188360e+01,6.052716e+00,-5.943545e+00,-3.376540e+01,1.467460e+01,2.494101e+00,1.537637e+01,2.008088e+00,-2.426011e+01,-2.156482e+01,1.977181e+01,4.502563e+01,4.012309e+02,0,0,1.188360e+01,-6.052716e+00,5.943545e+00,-1.744498e+01,1.957384e+01,6.052498e-01,2.756559e+01,4.719403e+00,-2.432977e+01,-3.785829e+01,1.384249e+01,7.718240e+01,4.280263e+02,0,0
1.177540e+01,6.835355e+00,-4.949770e+00,-3.367926e+01,1.508704e+01,4.876365e+00,1.573312e+01,2.408950e+00,-2.243213e+01,-2.536943e+01,1.951396e+01,4.828053e+01,3.998510e+02,0,0,1.177540e+01,-6.835355e+00,4.949770e+00,-1.668679e+01,1.953823e+01,5.184230e-01,2.800884e+01,4.547893e+00,-2.411039e+01,-4.088414e+01,1.305300e+01,7.886651e+01,4.252574e+02,0,0
1.178905e+01,6.567195e+00,-4.439618e+00,-3.226406e+01,1.572834e+01,4.029713e+00,1.702604e+01,1.688390e+00,-2.273996e+01,-2.884323e+01,1.948986e+01,5.174536e+01,4.039303e+02,0,0,1.178905e+01,-6.567195e+00,4.439618e+00,-1.594372e+01,1.912779e+01,-5.958910e-01,2.885214e+01,3.070974e+00,-2.400645e+01,-4.206736e+01,1.264018e+01,8.109526e+01,4.252950e+02,0,0
1.161976e+01,6.566438e+00,-3.172335e+00,-3.150698e+01,1.533818e+01,2.949150e+00,1.649055e+01,-1.140477e-01,-2.255197e+01,-3.088803e+01,1.782142e+01,5.402839e+01,4.003445e+02,0,0,1.161976e+01,-6.566438e+00,3.172335e+00,-1.463620e+01,2.094848e+01,-3.160523e-01,2.984477e+01,4.093044e+00,-2.412851e+01,-3.937390e+01,1.282632e+01,7.870919e+01,4.209655e+02,0,0
1.175486e+01,6.326432e+00,-3.914328e+00,-3.119769e+01,1.556459e+01,2.853796e+00,1.666844e+01,5.482051e-01,-2.284473e+01,-2.998573e+01,1.803695e+01,5.656724e+01,3.975120e+02,0,0,1.175486e+01,-6.326432e+00,3.914328e+00,-1.454975e+01,2.021639e+01,6.300165e-01,2.950921e+01,3.409441e+00,-2.349326e+01,-4.251500e+01,1.218088e+01,8.173087e+01,4.234504e+02,0,0
1.260028e+01,6.310335e+00,-3.936621e+00,-3.064591e+01,1.563367e+01,2.466674e+00,1.689557e+01,1.842418e-01,-2.359822e+01,-3.278883e+01,1.825002e+01,6.179719e+01,4.016280e+02,0,0,1.260028e+01,-6.310335e+00,3.936621e+00,-1.466153e+01,2.051452e+01,-1.877376e-01,2.895557e+01,3.218886e+00,-2.408514e+01,-4.589425e+01,1.292435e+01,8.430499e+01,4.267215e+02,0,0
1.250931e+01,6.325503e+00,-3.946614e+00,-3.106272e+01,1.568642e+01,1.887620e+00,1.671817e+01,2.575607e-01,-2.366243e+01,-3.305141e+01,1.888518e+01,5.823390e+01,3.981771e+02,0,0,1.250931e+01,-6.325503e+00,3.946614e+00,-1.509116e+01,2.081754e+01,3.645023e-01,2.841718e+01,3.294437e+00,-2.397290e+01,-4.504151e+01,1.300611e+01,8.281629e+01,4.224454e+02,0,0
1.258399e+01,6.577626e+00,-4.445004e+00,-3.208237e+01,1.589754e+01,2.587291e+00,1.585732e+01,8.520737e-01,-2.393501e+01,-3.186048e+01,2.025443e+01,5.295403e+01,3.924030e+02,0,0,1.258399e+01,-6.577626e+00,4.445004e+00,-1.494533e+01,2.106819e+01,2.208148e-01,2.799286e+01,3.480696e+00,-2.376719e+01,-4.726908e+01,1.318430e+01,8.351302e+01,4.219270e+02,0,0
1.235757e+01,7.362087e+00,-4.655215e+00,-3.197133e+01,1.905631e+01,2.901175e+00,1.370031e+01,3.018765e+00,-2.311839e+01,-3.115669e+01,2.119920e+01,4.917350e+01,3.871376e+02,0,0,1.235757e+01,-7.362087e+00,4.655215e+00,-1.327557e+01,2.533243e+01,-1.058320e-02,2.802132e+01,4.112949e+00,-2.317604e+01,-4.628920e+01,1.314983e+01,8.058593e+01,4.187011e+02,0,0
1.185973e+01,8.214886e+00,-4.902516e+00,-3.367481e+01,1.921490e+01,6.324413e+00,1.262698e+01,5.044473e+00,-2.228733e+01,-2.939130e+01,2.156879e+01,4.649815e+01,3.819705e+02,0,0,1.185973e+01,-8.214886e+00,4.902516e+00,-1.350707e+01,2.585025e+01,2.168241e+00,2.778890e+01,4.929975e+00,-2.258063e+01,-4.455605e+01,1.296150e+01,7.715842e+01,4.167547e+02,0,0
1.162796e+01,8.893950e+00,-5.169600e+00,-3.530251e+01,2.010676e+01,8.365923e+00,1.045717e+01,7.162732e+00,-2.206186e+01,-2.926846e+01,2.306724e+01,3.925913e+01,3.753241e+02,0,0,1.162796e+01,-8.893950e+00,5.169600e+00,-1.411823e+01,2.685847e+01,-5.847210e-01,2.662276e+01,5.435640e+00,-2.290532e+01,-4.363685e+01,1.334267e+01,7.400464e+01,4.136024e+02,0,0
1.151804e+01,9.654133e+00,-5.367279e+00,-3.630963e+01,2.042926e+01,7.649169e+00,9.382184e+00,8.886771e+00,-2.229683e+01,-3.009971e+01,2.340360e+01,2.613550e+01,3.650720e+02,0,0,1.151804e+01,-9.654133e+00,5.367279e+00,-1.392359e+01,2.712758e+01,7.840831e-01,2.638491e+01,5.730840e+00,-2.277408e+01,-4.369504e+01,1.369519e+01,7.292734e+01,4.127200e+02,0,0
1.140163e+01,9.674832e+00,-5.369672e+00,-3.644787e+01,2.066109e+01,9.539310e+00,8.284283e+00,9.113269e+00,-2.188282e+01,-2.868156e+01,2.374846e+01,1.407958e+01,3.545498e+02,0,0,1.140163e+01,-9.674832e+00,5.369672e+00,-1.448864e+01,2.716044e+01,-2.410675e-01,2.638332e+01,5.762823e+00,-2.265967e+01,-4.562112e+01,1.367672e+01,7.420951e+01,4.134625e+02,0,0
1.140163e+01,9.674832e+00,-5.369672e+00,-3.597130e+01,2.081667e+01,8.397958e+00,7.882768e+00,9.379671e+00,-2.128871e+01,-2.629759e+01,2.550294e+01,6.428141e+00,3.446059e+02,0,0,1.140163e+01,-9.674832e+00,5.369672e+00,-1.434574e+01,2.731990e+01,1.026355e+00,2.622713e+01,5.796805e+00,-2.233216e+01,-4.545084e+01,1.388140e+01,7.367497e+01,4.132005e+02,0,0
1.162819e+01,1.027190e+01,-5.141127e+00,-3.643323e+01,2.056321e+01,9.713650e+00,8.066150e+00,9.016165e+00,-2.074519e+01,-2.550165e+01,2.792899e+01,-1.019481e+00,3.355830e+02,0,0,1.162819e+01,-1.027190e+01,5.141127e+00,-1.481753e+01,2.781333e+01,1.412306e+00,2.565470e+01,5.924575e+00,-2.282668e+01,-4.668989e+01,1.440919e+01,7.356649e+01,4.132560e+02,0,0
1.161747e+01,1.154079e+01,-5.124562e+00,-3.703318e+01,1.997348e+01,9.805454e+00,6.921261e+00,9.610728e+00,-1.985400e+01,-2.662788e+01,3.153081e+01,-6.665693e+00,3.290559e+02,0,0,1.161747e+01,-1.154079e+01,5.124562e+00,-1.478578e+01,2.805542e+01,-1.841442e+00,2.529157e+01,6.429979e+00,-2.298440e+01,-4.558388e+01,1.487942e+01,7.005961e+01,4.105413e+02,0,0
1.182417e+01,1.198456e+01,-4.846592e+00,-3.695871e+01,1.977097e+01,1.144691e+01,7.052674e+00,9.293023e+00,-1.902322e+01,-2.617633e+01,3.361234e+01,-9.955838e+00,3.243672e+02,0,0,1.182417e+01,-1.198456e+01,4.846592e+00,-1.564671e+01,2.826924e+01,-7.568164e-01,2.515123e+01,6.669847e+00,-2.338167e+01,-4.365849e+01,1.534942e+01,6.696228e+01,4.075605e+02,0,0
1.212383e+01,1.279172e+01,-4.942947e+00,-3.705740e+01,2.000744e+01,1.160831e+01,6.810196e+00,9.529205e+00,-1.876437e+01,-2.558262e+01,3.518734e+01,-1.231311e+01,3.195377e+02,0,0,1.212383e+01,-1.279172e+01,4.942947e+00,-1.510350e+01,2.843133e+01,1.238612e+00,2.530103e+01,6.674862e+00,-2.329397e+01,-4.389179e+01,1.555060e+01,6.723723e+01,4.078694e+02,0,0
1.200790e+01,1.281440e+01,-4.945363e+00,-3.708177e+01,2.016711e+01,1.216975e+01,7.104514e+00,1.012211e+01,-1.813228e+01,-2.589941e+01,3.843130e+01,-1.664276e+01,3.147947e+02,0,0,1.200790e+01,-1.281440e+01,4.945363e+00,-1.495721e+01,2.791880e+01,9.154632e-01,2.520955e+01,6.180977e+00,-2.312741e+01,-4.408042e+01,1.550194e+01,6.680738e+01,4.077092e+02,0,0
1.207025e+01,1.254622e+01,-4.465395e+00,-3.673582e+01,2.008851e+01,1.200955e+01,7.145841e+00,9.657285e+00,-1.786291e+01,-2.872418e+01,3.965868e+01,-1.610632e+01,3.145260e+02,0,0,1.207025e+01,-1.254622e+01,4.465395e+00,-1.551917e+01,2.854609e+01,1.026764e+00,2.497908e+01,6.592996e+00,-2.341336e+01,-4.349171e+01,1.591424e+01,6.542741e+01,4.064640e+02,0,0
1.257254e+01,1.244986e+01,-4.465391e+00,-3.653496e+01,1.984258e+01,1.038689e+01,6.598781e+00,8.669070e+00,-1.937168e+01,-2.941258e+01,3.952496e+01,-1.550147e+01,3.152183e+02,0,0,1.257254e+01,-1.244986e+01,4.465391e+00,-1.484125e+01,2.871212e+01,-9.590048e-01,2.497801e+01,6.481910e+00,-2.391248e+01,-4.468132e+01,1.640778e+01,6.658160e+01,4.073921e+02,0,0
1.254620e+01,1.245028e+01,-4.456186e+00,-3.667578e+01,1.997886e+01,1.123939e+01,7.228315e+00,8.693551e+00,-1.845618e+01,-2.918625e+01,4.014013e+01,-1.607789e+01,3.138281e+02,0,0,1.254620e+01,-1.245028e+01,4.456186e+00,-1.545364e+01,2.869928e+01,-9.983957e-01,2.495262e+01,6.477697e+00,-2.383520e+01,-4.433561e+01,1.658470e+01,6.432557e+01,4.061672e+02,0,0
1.254620e+01,1.245028e+01,-4.456186e+00,-3.658539e+01,2.010047e+01,1.000486e+01,6.715854e+00,8.861395e+00,-1.859277e+01,-2.983011e+01,4.043401e+01,-1.670753e+01,3.135418e+02,0,0,1.254620e+01,-1.245028e+01,4.456186e+00,-1.528920e+01,2.835291e+01,-1.472463e+00,2.495262e+01,6.477697e+00,-2.383520e+01,-4.453742e+01,1.655701e+01,6.451901e+01,4.061886e+02,0,0
1.254620e+01,1.245028e+01,-4.456186e+00,-3.620910e+01,1.931711e+01,9.901530e+00,6.964316e+00,8.599447e+00,-1.981338e+01,-3.004711e+01,3.896751e+01,-1.417760e+01,3.187667e+02,0,0,1.254620e+01,-1.245028e+01,4.456186e+00,-1.489824e+01,2.751260e+01,-1.839484e+00,2.495952e+01,5.801110e+00,-2.416954e+01,-4.410880e+01,1.628186e+01,6.473251e+01,4.057336e+02,0,0
1.254620e+01,1.245028e+01,-4.456186e+00,-3.586662e+01,1.865571e+01,7.676993e+00,7.115233e+00,7.853679e+00,-2.099263e+01,-3.208910e+01,3.418296e+01,7.199725e-01,3.410642e+02,0,0,1.254620e+01,-1.245028e+01,4.456186e+00,-1.469280e+01,2.721926e+01,-1.926809e+00,2.548847e+01,5.243107e+00,-2.399954e+01,-4.308163e+01,1.562612e+01,6.573963e+01,4.059821e+02,0,0
1.254620e+01,1.245028e+01,-4.456186e+00,-3.537047e+01,1.935664e+01,8.846245e+00,9.092212e+00,7.205760e+00,-2.087771e+01,-3.194101e+01,2.713399e+01,2.025820e+01,3.689001e+02,0,0,1.254620e+01,-1.245028e+01,4.456186e+00,-1.470365e+01,2.732382e+01,-1.130633e+00,2.663085e+01,4.933686e+00,-2.404120e+01,-4.206973e+01,1.462390e+01,6.884309e+01,4.104887e+02,0,0
1.258703e+01,1.271399e+01,-4.976891e+00,-3.560370e+01,2.037471e+01,7.600330e+00,1.226427e+01,5.720380e+00,-2.092245e+01,-2.149642e+01,2.352319e+01,2.851012e+01,3.804649e+02,0,0,1.258703e+01,-1.271399e+01,4.976891e+00,-1.391493e+01,2.747475e+01,-5.524420e-01,2.811771e+01,4.447488e+00,-2.359623e+01,-3.999741e+01,1.421147e+01,7.316611e+01,4.164738e+02,0,0
1.258703e+01,1.271399e+01,-4.976891e+00,-3.603657e+01,2.075842e+01,4.092366e+00,1.395706e+01,5.809103e+00,-2.104829e+01,-1.713878e+01,2.434013e+01,2.974639e+01,3.847208e+02,0,0,1.258703e+01,-1.271399e+01,4.976891e+00,-1.442070e+01,2.674246e+01,9.189626e-01,2.842339e+01,4.142295e+00,-2.298635e+01,-3.800028e+01,1.394406e+01,7.446497e+01,4.197916e+02,0,0
1.258703e+01,1.271399e+01,-4.976891e+00,-3.635979e+01,2.125268e+01,6.986431e+00,1.426532e+01,6.106510e+00,-2.050877e+01,-1.794739e+01,2.521055e+01,3.307297e+01,3.890161e+02,0,0,1.258703e+01,-1.271399e+01,4.976891e+00,-1.403442e+01,2.739536e+01,-9.926803e-01,2.939640e+01,4.040224e+00,-2.228858e+01,-3.679319e+01,1.340292e+01,7.766621e+01,4.233189e+02,0,0
1.270350e+01,1.269152e+01,-4.974349e+00,-3.615797e+01,2.102050e+01,6.719178e+00,1.429415e+01,5.709078e+00,-2.153721e+01,-2.011450e+01,2.534757e+01,3.597075e+01,3.919410e+02,0,0,1.270350e+01,-1.269152e+01,4.974349e+00,-1.375109e+01,2.835357e+01,4.566570e-01,3.020918e+01,4.524093e+00,-2.247727e+01,-3.459840e+01,1.403905e+01,7.749085e+01,4.236514e+02,0,0
1.271717e+01,1.219505e+01,-5.236772e+00,-3.554757e+01,2.079606e+01,7.098182e+00,1.496042e+01,5.311377e+00,-2.196809e+01,-2.173278e+01,2.618347e+01,3.897891e+01,3.962216e+02,0,0,1.271717e+01,-1.219505e+01,5.236772e+00,-1.380045e+01,2.831148e+01,-8.583860e-01,2.970973e+01,4.270584e+00,-2.239726e+01,-3.558474e+01,1.402057e+01,7.881439e+01,4.246935e+02,0,0
1.229973e+01,1.234796e+01,-5.383330e+00,-3.632004e+01,2.070467e+01,6.309114e+00,1.489024e+01,5.602768e+00,-2.173096e+01,-2.014390e+01,2.685053e+01,3.984758e+01,3.966457e+02,0,0,1.229973e+01,-1.234796e+01,5.383330e+00,-1.365651e+01,2.837673e+01,1.253358e+00,3.041413e+01,4.696765e+00,-2.192619e+01,-3.196995e+01,1.379238e+01,7.655828e+01,4.227080e+02,0,0
1.207460e+01,1.173838e+01,-5.610124e+00,-3.547775e+01,2.027431e+01,6.030144e+00,1.606099e+01,5.044062e+00,-2.212018e+01,-1.604870e+01,2.885145e+01,3.896818e+01,3.962566e+02,0,0,1.207460e+01,-1.173838e+01,5.610124e+00,-1.189226e+01,2.965717e+01,2.889817e-01,3.270356e+01,4.677022e+00,-2.076576e+01,-2.149838e+01,1.581648e+01,6.997244e+01,4.163836e+02,0,0
1.142986e+01,1.097319e+01,-6.635877e+00,-3.572402e+01,2.077292e+01,9.079368e+00,1.731464e+01,6.167682e+00,-2.173219e+01,-1.125964e+01,3.173393e+01,3.700430e+01,3.933984e+02,0,0,1.142986e+01,-1.097319e+01,6.635877e+00,-1.147651e+01,2.950302e+01,-2.925204e+00,3.353102e+01,4.427126e+00,-1.907835e+01,-1.584961e+01,1.636925e+01,6.630750e+01,4.121214e+02,0,0
1.157017e+01,1.094992e+01,-6.646594e+00,-3.530698e+01,2.062855e+01,8.041982e+00,1.806819e+01,5.996773e+00,-2.159956e+01,-7.082736e+00,3.342767e+01,3.793773e+01,3.930832e+02,0,0,1.157017e+01,-1.094992e+01,6.646594e+00,-1.035804e+01,2.942050e+01,3.126924e+00,3.571817e+01,4.629033e+00,-1.761202e+01,-6.517152e+00,1.820767e+01,5.894106e+01,4.060386e+02,0,0
1.086896e+01,9.649689e+00,-6.643855e+00,-3.475631e+01,2.042875e+01,8.750364e+00,2.021990e+01,5.870599e+00,-2.074959e+01,-8.070216e-01,3.470554e+01,3.637387e+01,3.911989e+02,0,0,1.086896e+01,-9.649689e+00,6.643855e+00,-9.239136e+00,2.930444e+01,5.089029e+00,3.727518e+01,4.384509e+00,-1.646547e+01,-9.342530e-01,1.920387e+01,5.529731e+01,4.017292e+02,0,0
9.733062e+00,7.894644e+00,-6.957059e+00,-3.392893e+01,2.084007e+01,1.196505e+01,2.205269e+01,6.551152e+00,-1.961013e+01,2.890499e+00,3.568461e+01,3.555104e+01,3.904333e+02,0,0,9.733062e+00,-7.894644e+00,6.957059e+00,-8.344554e+00,2.883700e+01,5.132210e+00,3.749031e+01,4.407436e+00,-1.568163e+01,2.872633e-01,1.950143e+01,5.464187e+01,4.015609e+02,0,0
7.693193e+00,6.909849e+00,-6.197352e+00,-3.298173e+01,2.091416e+01,1.224398e+01,2.297066e+01,6.699752e+00,-1.877063e+01,5.188922e+00,3.553880e+01,3.462385e+01,3.898036e+02,0,0,7.693193e+00,-6.909849e+00,6.197352e+00,-9.223485e+00,2.853029e+01,5.880128e+00,3.833470e+01,4.599929e+00,-1.484710e+01,4.399665e+00,2.055598e+01,5.105467e+01,3.977990e+02,0,0
6.295123e+00,6.096434e+00,-5.967019e+00,-3.340036e+01,1.786069e+01,1.211304e+01,2.443680e+01,6.897627e+00,-1.841537e+01,9.479027e+00,3.761815e+01,3.419089e+01,3.888419e+02,0,0,6.295123e+00,-6.096434e+00,5.967019e+00,-1.103347e+01,2.446063e+01,8.634360e+00,3.956630e+01,4.936874e+00,-1.323391e+01,1.188370e+01,2.354454e+01,4.573417e+01,3.929946e+02,0,0
5.431467e+00,5.279044e+00,-5.742913e+00,-3.219048e+01,1.827924e+01,1.350846e+01,2.542474e+01,7.197800e+00,-1.798915e+01,1.214906e+01,3.870836e+01,3.338927e+01,3.883694e+02,0,0,5.431467e+00,-5.279044e+00,5.742913e+00,-1.092470e+01,2.442155e+01,8.200762e+00,3.996361e+01,4.930425e+00,-1.287327e+01,1.230319e+01,2.462679e+01,4.491209e+01,3.923249e+02,0,0
4.253122e+00,4.818723e+00,-5.990820e+00,-3.010769e+01,1.888337e+01,1.428822e+01,2.722618e+01,8.040729e+00,-1.799982e+01,1.717893e+01,4.233312e+01,3.256152e+01,3.879042e+02,0,0,4.253122e+00,-4.818723e+00,5.990820e+00,-1.175542e+01,2.405217e+01,6.845485e+00,3.969915e+01,4.719034e+00,-1.300124e+01,1.222912e+01,2.528811e+01,4.386206e+01,3.922839e+02,0,0
2.780318e+00,5.356486e+00,-5.729286e+00,-2.873779e+01,1.876883e+01,1.479742e+01,2.839695e+01,8.326962e+00,-1.693537e+01,2.126865e+01,4.481134e+01,3.190169e+01,3.868402e+02,0,0,2.780318e+00,-5.356486e+00,5.729286e+00,-1.188340e+01,2.423625e+01,1.212961e+01,3.980482e+01,4.792616e+00,-1.275562e+01,1.171732e+01,2.571298e+01,4.401656e+01,3.921780e+02,0,0
1.933990e+00,6.307761e+00,-5.210992e+00,-2.560014e+01,2.270476e+01,1.551547e+01,3.007211e+01,8.954989e+00,-1.591413e+01,2.705232e+01,5.014473e+01,3.165884e+01,3.870324e+02,0,0,1.933990e+00,-6.307761e+00,5.210992e+00,-1.059515e+01,2.856108e+01,6.368604e+00,4.006226e+01,5.008511e+00,-1.298042e+01,1.150070e+01,2.608715e+01,4.453840e+01,3.925158e+02,0,0
6.422379e-01,7.167169e+00,-4.153452e+00,-2.526573e+01,2.290826e+01,1.864399e+01,3.217808e+01,1.127126e+01,-1.476531e+01,3.387605e+01,5.565262e+01,3.120845e+01,3.871881e+02,0,0,6.422379e-01,-7.167169e+00,4.153452e+00,-1.204664e+01,2.829983e+01,9.321390e+00,4.024457e+01,5.380373e+00,-1.241193e+01,1.104469e+01,2.675036e+01,4.401995e+01,3.925455e+02,0,0
2.489356e-01,8.100884e+00,-3.636625e+00,-2.472367e+01,2.318925e+01,1.811372e+01,3.202907e+01,1.204531e+01,-1.382325e+01,3.588423e+01,5.816721e+01,3.104379e+01,3.880062e+02,0,0,2.489356e-01,-8.100884e+00,3.636625e+00,-1.154230e+01,2.805586e+01,7.417619e+00,4.073855e+01,5.499956e+00,-1.258165e+01,1.139352e+01,2.682530e+01,4.458340e+01,3.926983e+02,0,0
-4.600220e-01,8.395641e+00,-2.880164e+00,-2.450817e+01,2.290793e+01,1.901796e+01,3.188414e+01,1.264087e+01,-1.256078e+01,3.728925e+01,5.863382e+01,3.043279e+01,3.876378e+02,0,0,-4.600220e-01,-8.395641e+00,2.880164e+00,-1.240383e+01,2.850400e+01,7.851119e+00,4.028263e+01,5.857262e+00,-1.273407e+01,1.187104e+01,2.755940e+01,4.380818e+01,3.918629e+02,0,0
-6.182631e-01,8.857298e+00,-2.491151e+00,-2.443371e+01,2.268573e+01,1.857962e+01,3.168624e+01,1.218499e+01,-1.203261e+01,3.741002e+01,5.855775e+01,2.981336e+01,3.873948e+02,0,0,-6.182631e-01,-8.857298e+00,2.491151e+00,-1.305091e+01,2.884844e+01,8.152803e+00,4.074727e+01,6.250537e+00,-1.283668e+01,1.222933e+01,2.852474e+01,4.301345e+01,3.914688e+02,0,0
-6.668522e-01,9.628187e+00,-2.726708e+00,-2.498214e+01,2.307419e+01,1.863556e+01,3.146120e+01,1.266653e+01,-1.219134e+01,3.659750e+01,5.905474e+01,2.988068e+01,3.877230e+02,0,0,-6.668522e-01,-9.628187e+00,2.726708e+00,-1.300902e+01,2.859806e+01,1.246718e+01,4.061576e+01,6.616202e+00,-1.246990e+01,1.351456e+01,2.845321e+01,4.211568e+01,3.903116e+02,0,0
4.414768e-01,1.010476e+01,-2.443511e+00,-2.511304e+01,2.114770e+01,1.240880e+01,3.278387e+01,7.540491e+00,-1.606831e+01,2.896461e+01,5.416030e+01,2.929460e+01,3.872773e+02,0,0,4.414768e-01,-1.010476e+01,2.443511e+00,-1.400368e+01,2.819392e+01,1.141417e+01,4.017454e+01,6.893479e+00,-1.266140e+01,1.314202e+01,2.833334e+01,3.862807e+01,3.869402e+02,0,0
5.298619e+00,8.819492e+00,-2.491402e+00,-2.390691e+01,1.677375e+01,4.684614e+00,2.802660e+01,1.071562e+00,-1.937328e+01,7.938560e+00,4.234493e+01,3.198450e+01,3.941470e+02,0,0,5.298619e+00,-8.819492e+00,2.491402e+00,-1.561981e+01,2.486990e+01,5.862630e+00,3.651135e+01,5.089071e+00,-1.569488e+01,5.799719e+00,2.744275e+01,3.649720e+01,3.908775e+02,0,0
1.227838e+01,7.867837e+00,-3.125724e+00,-2.269573e+01,7.842986e+00,-4.312870e+00,2.404197e+01,-7.936344e+00,-2.305464e+01,-2.154620e+01,2.775294e+01,4.939347e+01,4.103668e+02,0,0,1.227838e+01,-7.867837e+00,3.125724e+00,-1.565686e+01,1.523523e+01,-2.114147e+00,3.254793e+01,-1.757019e+00,-2.221198e+01,-1.877022e+01,1.943191e+01,6.209465e+01,4.133707e+02,0,0
1.659058e+01,7.395988e+00,-4.674615e+00,-2.628302e+01,5.128486e+00,-5.890732e+00,2.227707e+01,-8.767450e+00,-2.497750e+01,-3.311230e+01,2.533025e+01,5.448455e+01,4.147682e+02,0,0,1.659058e+01,-7.395988e+00,4.674615e+00,-1.628549e+01,8.001456e+00,-3.954823e+00,3.094764e+01,-4.034925e+00,-2.507928e+01,-3.024371e+01,1.909139e+01,7.062850e+01,4.254824e+02,0,0
1.614811e+01,7.067104e+00,-4.156260e+00,-2.516931e+01,5.448121e+00,-5.075550e+00,2.324431e+01,-9.032748e+00,-2.367267e+01,-3.385443e+01,2.552473e+01,5.534688e+01,4.159405e+02,0,0,1.614811e+01,-7.067104e+00,4.156260e+00,-1.679877e+01,8.294214e+00,-3.664815e+00,3.114887e+01,-4.077393e+00,-2.469973e+01,-2.567081e+01,1.959199e+01,6.768353e+01,4.217899e+02,0,0
1.563500e+01,7.634922e+00,-3.922813e+00,-2.530770e+01,5.691987e+00,-6.566492e+00,2.247269e+01,-1.015116e+01,-2.464199e+01,-4.034280e+01,2.262650e+01,5.832669e+01,4.174150e+02,0,0,1.563500e+01,-7.634922e+00,3.922813e+00,-1.592753e+01,8.029209e+00,-4.795355e+00,3.166118e+01,-4.894209e+00,-2.492379e+01,-2.525627e+01,1.970619e+01,6.626073e+01,4.204367e+02,0,0
1.472430e+01,7.375624e+00,-3.413318e+00,-2.367635e+01,6.092051e+00,-8.343169e+00,2.247358e+01,-1.046274e+01,-2.645818e+01,-4.382386e+01,2.127909e+01,6.136307e+01,4.195788e+02,0,0,1.472430e+01,-7.375624e+00,3.413318e+00,-1.382323e+01,7.092701e+00,-7.432140e+00,3.294949e+01,-6.654544e+00,-2.545601e+01,-2.692921e+01,2.075302e+01,6.640478e+01,4.202640e+02,0,0
8.551113e+00,1.006152e+01,2.151051e-01,-2.140546e+01,7.458383e+00,-7.174860e+00,2.396588e+01,-1.015317e+01,-2.383020e+01,-4.077828e+01,1.969067e+01,5.877443e+01,4.164235e+02,0,0,8.551113e+00,-1.006152e+01,-2.151051e-01,-1.159140e+01,1.013373e+01,-6.950789e+00,3.579682e+01,-5.198453e+00,-2.538793e+01,-1.562194e+01,2.186133e+01,5.539843e+01,4.088834e+02,0,0
3.277877e+00,1.178019e+01,3.222374e+00,-2.078705e+01,6.620802e+00,-5.400206e+00,2.523969e+01,-9.844008e+00,-2.227874e+01,-3.841854e+01,2.070777e+01,5.520690e+01,4.142617e+02,0,0,3.277877e+00,-1.178019e+01,-3.222374e+00,-1.173809e+01,9.297198e+00,-4.312740e+00,3.723179e+01,-4.869488e+00,-2.504130e+01,-8.819201e+00,2.231174e+01,5.073080e+01,4.026464e+02,0,0
-2.252806e+00,1.298405e+01,4.660419e+00,-1.961326e+01,5.703269e+00,-4.072423e+00,2.799296e+01,-1.010318e+01,-1.901257e+01,-2.641565e+01,2.155135e+01,4.431440e+01,4.055376e+02,0,0,-2.252806e+00,-1.298405e+01,-4.660419e+00,-1.276925e+01,9.431881e+00,-4.792563e+00,3.839522e+01,-4.031587e+00,-2.481341e+01,-4.194593e+00,2.397067e+01,4.792609e+01,3.995407e+02,0,0
-5.750514e+00,1.452556e+01,4.228971e+00,-1.943882e+01,4.304928e+00,2.435639e-01,2.978975e+01,-9.827806e+00,-1.655869e+01,-1.885359e+00,2.040024e+01,2.571170e+01,3.852919e+02,0,0,-5.750514e+00,-1.452556e+01,-4.228971e+00,-1.518377e+01,8.241417e+00,-1.690979e+00,3.878173e+01,-2.504359e+00,-2.338798e+01,-7.973326e-01,2.343998e+01,4.327023e+01,3.961063e+02,0,0
-5.707179e+00,2.158629e+01,6.763501e+00,-1.872652e+01,3.388387e+00,-2.665552e+00,2.927278e+01,-1.100325e+01,-1.621485e+01,-5.323852e-01,1.608942e+01,2.240528e+01,3.816302e+02,0,0,-5.707179e+00,-2.158629e+01,-6.763501e+00,-1.582060e+01,9.645378e+00,1.926386e+00,3.908178e+01,-9.357970e-01,-2.139654e+01,1.288116e+01,2.582792e+01,3.549856e+01,3.888025e+02,0,0
-5.812807e+00,2.853131e+01,9.026628e+00,-1.956654e+01,4.161667e+00,-1.609766e+00,3.152659e+01,-1.098745e+01,-1.686735e+01,1.943241e+01,1.799891e+01,9.808456e+00,3.666176e+02,0,0,-5.812807e+00,-2.853131e+01,-9.026628e+00,-1.565001e+01,9.598887e+00,1.375259e+00,3.932957e+01,7.340365e-01,-2.281088e+01,2.746789e+01,2.358230e+01,2.826368e+01,3.783516e+02,0,0
-4.794822e+00,3.187663e+01,1.182598e+01,-1.869457e+01,2.390976e+00,-3.520523e+00,3.305866e+01,-1.248857e+01,-1.687812e+01,2.621386e+01,1.943707e+01,1.152125e+01,3.642722e+02,0,0,-4.794822e+00,-3.187663e+01,-1.182598e+01,-1.467748e+01,1.243497e+01,2.781620e+00,4.177163e+01,1.151203e+00,-2.196386e+01,3.705823e+01,2.718835e+01,2.793067e+01,3.788064e+02,0,0
-5.186356e+00,3.226430e+01,1.219034e+01,-1.603891e+01,2.630131e+00,-1.487935e+00,3.562004e+01,-1.187186e+01,-1.585858e+01,4.092010e+01,2.379073e+01,6.733257e+00,3.534972e+02,0,0,-5.186356e+00,-3.226430e+01,-1.219034e+01,-1.477705e+01,1.277916e+01,3.593090e+00,4.246177e+01,1.383888e+00,-2.092287e+01,4.114440e+01,2.746962e+01,2.665540e+01,3.766327e+02,0,0
-6.861560e+00,3.289359e+01,1.274716e+01,-1.572038e+01,4.786565e-01,-2.468294e+00,3.492689e+01,-1.199554e+01,-1.557803e+01,7.078758e+01,2.076489e+01,-3.530082e+01,2.921080e+02,0,0,-6.861560e+00,-3.289359e+01,-1.274716e+01,-1.467029e+01,1.373371e+01,5.538914e+00,4.281255e+01,1.884091e+00,-2.005720e+01,4.467157e+01,2.862207e+01,2.523166e+01,3.748260e+02,0,0
-6.440523e+00,3.345976e+01,1.160522e+01,-1.547590e+01,1.506994e+00,-1.081785e+00,3.618543e+01,-1.108782e+01,-1.604527e+01,8.658036e+01,1.885418e+01,-3.740347e+01,2.854065e+02,0,0,-6.440523e+00,-3.345976e+01,-1.160522e+01,-1.531410e+01,1.404717e+01,5.381662e+00,4.355915e+01,2.145466e+00,-2.075446e+01,4.680064e+01,2.835633e+01,2.398373e+01,3.739481e+02,0,0
-4.373903e+00,3.390939e+01,9.414849e+00,-1.568053e+01,1.625763e+00,-2.464979e+00,3.702621e+01,-1.199328e+01,-1.634926e+01,7.990754e+01,1.711818e+01,-3.340900e+01,2.957166e+02,0,0,-4.373903e+00,-3.390939e+01,-9.414849e+00,-1.396840e+01,1.222705e+01,4.388838e+00,4.321297e+01,1.644553e+00,-2.163312e+01,4.490867e+01,2.621115e+01,2.446354e+01,3.742380e+02,0,0
-2.221395e+00,3.306355e+01,6.831023e+00,-1.510678e+01,1.527852e+00,-2.970085e+00,3.731751e+01,-1.276576e+01,-1.770637e+01,7.714293e+01,1.648624e+01,-3.036821e+01,4.570473e+02,0,0,-2.221395e+00,-3.306355e+01,-6.831023e+00,-1.399425e+01,1.261371e+01,2.325137e+00,4.315775e+01,1.245989e+00,-2.323868e+01,4.114174e+01,2.640611e+01,2.748649e+01,3.776191e+02,0,0
-1.730440e+00,3.258898e+01,5.739542e+00,-1.498495e+01,1.299672e+00,-1.980874e+00,3.780285e+01,-1.228840e+01,-1.675535e+01,7.637239e+01,1.660371e+01,-2.933127e+01,4.605024e+02,0,0,-1.730440e+00,-3.258898e+01,-5.739542e+00,-1.485653e+01,1.241224e+01,3.919954e+00,4.309934e+01,1.635663e+00,-2.263304e+01,4.244695e+01,2.689545e+01,2.723678e+01,3.773212e+02,0,0
-3.585039e-01,3.252379e+01,4.865619e+00,-1.473419e+01,1.347019e+00,-2.405278e+00,3.830737e+01,-1.267357e+01,-1.715018e+01,7.691458e+01,1.590102e+01,-2.948171e+01,4.590686e+02,0,0,-3.585039e-01,-3.252379e+01,-4.865619e+00,-1.499482e+01,1.246628e+01,2.859129e+00,4.279386e+01,1.950211e+00,-2.321650e+01,4.171114e+01,2.642246e+01,2.809203e+01,3.784155e+02,0,0
-3.530042e-01,3.247825e+01,4.850785e+00,-1.470183e+01,1.624787e+00,-3.287231e+00,3.824002e+01,-1.272030e+01,-1.708525e+01,7.662612e+01,1.608590e+01,-2.916860e+01,4.599078e+02,0,0,-3.530042e-01,-3.247825e+01,-4.850785e+00,-1.460437e+01,1.258819e+01,3.154517e+00,4.281570e+01,1.377955e+00,-2.311825e+01,4.127170e+01,2.632806e+01,2.784513e+01,3.783706e+02,0,0
-9.845447e-01,3.266472e+01,4.843508e+00,-1.495789e+01,2.064519e+00,-2.915666e+00,3.723904e+01,-1.250287e+01,-1.734362e+01,7.506081e+01,1.662833e+01,-2.782592e+01,3.043776e+02,0,0,-9.845447e-01,-3.266472e+01,-4.843508e+00,-1.319074e+01,1.135601e+01,1.177604e+00,4.334304e+01,7.460203e-01,-2.355280e+01,4.195480e+01,2.638026e+01,2.709914e+01,3.774185e+02,0,0
-1.331060e+00,3.314024e+01,5.199938e+00,-1.540478e+01,2.834101e+00,-3.578914e+00,3.680623e+01,-1.248771e+01,-1.703692e+01,7.429226e+01,1.653522e+01,-2.772077e+01,3.037759e+02,0,0,-1.331060e+00,-3.314024e+01,-5.199938e+00,-1.205997e+01,1.223439e+01,1.669354e+00,4.329030e+01,5.171898e-01,-2.358032e+01,4.248585e+01,2.629379e+01,2.706892e+01,3.774024e+02,0,0
-1.627111e+00,3.349593e+01,5.684439e+00,-1.549391e+01,3.000299e+00,-2.140834e+00,3.650944e+01,-1.261903e+01,-1.666536e+01,7.539110e+01,1.674576e+01,-2.865178e+01,4.605814e+02,0,0,-1.627111e+00,-3.349593e+01,-5.684439e+00,-1.219097e+01,1.258655e+01,1.967611e+00,4.374584e+01,8.671529e-01,-2.353406e+01,4.313937e+01,2.667171e+01,2.692805e+01,3.770963e+02,0,0
-1.624243e+00,3.350069e+01,5.672814e+00,-1.561208e+01,2.881840e+00,-2.479697e+00,3.650309e+01,-1.261266e+01,-1.667383e+01,7.504703e+01,1.671728e+01,-2.834365e+01,2.992209e+02,0,0,-1.624243e+00,-3.350069e+01,-5.672814e+00,-1.241137e+01,1.250244e+01,9.086762e-01,4.358833e+01,8.626952e-01,-2.322751e+01,4.348374e+01,2.672710e+01,2.661211e+01,3.767797e+02,0,0
-1.627111e+00,3.349593e+01,5.684439e+00,-1.587266e+01,2.898243e+00,-3.835655e+00,3.650944e+01,-1.261903e+01,-1.666536e+01,7.495086e+01,1.679130e+01,-2.826513e+01,3.042809e+02,0,0,-1.627111e+00,-3.349593e+01,-5.684439e+00,-1.252498e+01,1.258834e+01,2.071736e+00,4.412183e+01,9.547851e-01,-2.292128e+01,4.365885e+01,2.674046e+01,2.647132e+01,3.767040e+02,0,0
-1.624243e+00,3.350069e+01,5.672814e+00,-1.582181e+01,2.868995e+00,-2.152359e+00,3.650309e+01,-1.261266e+01,-1.667383e+01,7.523330e+01,1.679563e+01,-2.851830e+01,3.035030e+02,0,0,-1.624243e+00,-3.350069e+01,-5.672814e+00,-1.274580e+01,1.284923e+01,2.106414e+00,4.404633e+01,9.747492e-01,-2.303274e+01,4.386121e+01,2.683017e+01,2.629377e+01,3.768113e+02,0,0
-1.624243e+00,3.350069e+01,5.672814e+00,-1.565943e+01,2.699412e+00,-2.071082e+00,3.662972e+01,-1.221356e+01,-1.641395e+01,7.519701e+01,1.683306e+01,-2.782877e+01,3.042000e+02,0,0,-1.624243e+00,-3.350069e+01,-5.672814e+00,-1.306590e+01,1.279046e+01,3.663105e+00,4.381117e+01,1.520110e+00,-2.238881e+01,4.360247e+01,2.688484e+01,2.662887e+01,3.770051e+02,0,0
-1.408954e+00,3.308790e+01,6.254126e+00,-1.518876e+01,1.728648e+00,-1.973980e+00,3.703755e+01,-1.256402e+01,-1.592807e+01,7.897649e+01,1.663271e+01,-3.116451e+01,4.569050e+02,0,0,-1.408954e+00,-3.308790e+01,-6.254126e+00,-1.385681e+01,1.358247e+01,4.677358e+00,4.346067e+01,2.561083e+00,-2.294514e+01,4.309877e+01,2.751873e+01,2.703623e+01,3.777953e+02,0,0
1.303394e+00,3.207035e+01,4.345479e+00,-1.418406e+01,1.972348e+00,-4.497120e+00,3.781578e+01,-1.309439e+01,-1.790035e+01,7.989674e+01,1.573536e+01,-2.983175e+01,4.563482e+02,0,0,1.303394e+00,-3.207035e+01,-4.345479e+00,-1.407311e+01,1.127920e+01,1.720718e+00,4.301931e+01,-6.220919e-01,-2.299462e+01,4.118971e+01,2.942214e+01,2.864345e+01,3.813773e+02,0,0
6.275322e-01,3.132919e+01,5.483330e+00,-1.437434e+01,1.663121e+00,-3.148671e+00,3.813411e+01,-1.336022e+01,-1.665059e+01,8.251949e+01,1.581181e+01,-3.204352e+01,4.556447e+02,0,0,6.275322e-01,-3.132919e+01,-5.483330e+00,-1.427802e+01,1.109777e+01,1.466380e-01,4.296641e+01,-9.139346e-01,-2.300620e+01,4.083313e+01,3.265901e+01,2.896446e+01,3.837464e+02,0,0
4.535170e-01,3.037306e+01,5.679396e+00,-1.334836e+01,1.692867e+00,-5.072121e+00,3.833589e+01,-1.332399e+01,-1.651448e+01,8.341027e+01,1.608191e+01,-3.132727e+01,2.992883e+02,0,0,4.535170e-01,-3.037306e+01,-5.679396e+00,-1.537105e+01,1.106660e+01,1.028997e+00,4.199828e+01,-6.560939e-01,-2.282808e+01,4.013028e+01,3.354380e+01,2.952082e+01,3.838783e+02,0,0
2.463066e-01,3.078940e+01,6.012168e+00,-1.369767e+01,1.559393e+00,-5.086636e+00,3.796218e+01,-1.341936e+01,-1.626096e+01,8.369569e+01,1.625163e+01,-3.208273e+01,2.991792e+02,0,0,2.463066e-01,-3.078940e+01,-6.012168e+00,-1.560705e+01,1.125582e+01,6.189606e-01,4.255894e+01,-4.183653e-01,-2.335346e+01,4.058239e+01,3.333075e+01,2.954813e+01,3.834165e+02,0,0
-2.662495e-01,3.093068e+01,6.051845e+00,-1.373687e+01,1.527531e+00,-2.953863e+00,3.763542e+01,-1.310869e+01,-1.698179e+01,7.783350e+01,1.683624e+01,-2.682395e+01,3.053603e+02,0,0,-2.662495e-01,-3.093068e+01,-6.051845e+00,-1.553320e+01,1.099237e+01,1.104501e+00,4.223039e+01,-1.067333e-01,-2.295078e+01,3.994852e+01,3.062571e+01,2.807661e+01,3.809109e+02,0,0
-1.554495e+00,3.132233e+01,8.727368e+00,-1.502572e+01,1.692773e+00,-3.474600e+00,3.571638e+01,-1.280240e+01,-1.657369e+01,4.167019e+01,1.559656e+01,-9.340280e+00,3.369678e+02,0,0,-1.554495e+00,-3.132233e+01,-8.727368e+00,-1.572386e+01,1.204311e+01,3.872652e-01,4.092896e+01,1.396183e+00,-2.366693e+01,3.924524e+01,2.933737e+01,2.605172e+01,3.788912e+02,0,0
-1.813482e+00,3.119709e+01,1.023374e+01,-1.892231e+01,3.432306e+00,-4.758676e+00,2.898848e+01,-1.289276e+01,-2.035673e+01,-2.934460e+01,2.001347e+01,3.942654e+01,3.950126e+02,0,0,-1.813482e+00,-3.119709e+01,-1.023374e+01,-1.397100e+01,1.144728e+01,1.632728e+00,4.146339e+01,-1.633331e-03,-2.272606e+01,3.553650e+01,2.814837e+01,2.282970e+01,3.795702e+02,0,0
-6.670760e-01,2.960418e+01,9.867372e+00,-2.164392e+01,4.118940e+00,-9.137282e+00,2.337929e+01,-1.435664e+01,-2.571840e+01,-6.945663e+01,2.718744e+01,7.500916e+01,4.309725e+02,0,0,-6.670760e-01,-2.960418e+01,-9.867372e+00,-1.347490e+01,1.109053e+01,-2.222043e+00,4.268003e+01,-2.613398e+00,-2.103979e+01,2.996421e+01,2.670235e+01,3.087251e+01,3.832964e+02,0,0
3.505225e+00,2.386114e+01,6.866129e+00,-2.000363e+01,4.995180e+00,-1.260320e+01,2.083682e+01,-1.392222e+01,-2.981170e+01,-9.483636e+01,2.605314e+01,9.983956e+01,4.540434e+02,0,0,3.505225e+00,-2.386114e+01,-6.866129e+00,-1.195594e+01,1.296937e+01,4.359852e-01,4.052407e+01,-3.298716e+00,-1.993176e+01,9.190340e+00,2.159871e+01,4.923425e+01,4.000418e+02,0,0
5.559335e+00,2.060167e+01,4.711374e+00,-1.497893e+01,4.868880e+00,-1.389238e+01,2.337582e+01,-1.255789e+01,-3.167827e+01,-9.920535e+01,2.489962e+01,1.107214e+02,4.568692e+02,0,0,5.559335e+00,-2.060167e+01,-4.711374e+00,-9.081363e+00,1.517449e+01,3.292874e-01,4.115268e+01,-1.633828e+00,-1.842491e+01,5.132204e+00,1.829441e+01,5.275973e+01,4.031683e+02,0,0
7.127422e+00,2.338548e+01,3.520627e+00,-1.289314e+01,5.634161e+00,-1.257838e+01,2.391082e+01,-1.190889e+01,-3.040270e+01,-1.022756e+02,2.648679e+01,1.145051e+02,4.573322e+02,0,0,7.127422e+00,-2.338548e+01,-3.520627e+00,-6.234873e+00,1.820087e+01,3.390114e+00,4.251215e+01,1.139063e+00,-1.728006e+01,5.085786e+00,1.488588e+01,5.265890e+01,4.028827e+02,0,0
7.964015e+00,2.505030e+01,3.199023e+00,-1.358138e+01,5.782064e+00,-1.174592e+01,2.395158e+01,-1.192372e+01,-2.968448e+01,-1.018111e+02,2.724754e+01,1.137440e+02,4.569689e+02,0,0,7.964015e+00,-2.505030e+01,-3.199023e+00,-4.963243e+00,1.917875e+01,5.016801e+00,4.363489e+01,1.881524e+00,-1.635250e+01,5.959997e+00,1.412001e+01,5.329136e+01,4.026891e+02,0,0
7.431599e+00,2.528163e+01,4.189941e+00,-1.417367e+01,4.960435e+00,-1.051234e+01,2.402739e+01,-1.210581e+01,-2.839280e+01,-1.028616e+02,2.682635e+01,1.146514e+02,4.581592e+02,0,0,7.431599e+00,-2.528163e+01,-4.189941e+00,-5.448273e+00,1.950875e+01,5.205366e+00,4.335150e+01,2.755592e+00,-1.660393e+01,6.842347e+00,1.546799e+01,5.212767e+01,4.010710e+02,0,0
7.763967e+00,2.565388e+01,4.492494e+00,-1.457132e+01,4.825056e+00,-1.253793e+01,2.334562e+01,-1.297360e+01,-2.895849e+01,-1.033903e+02,2.728012e+01,1.127513e+02,4.571805e+02,0,0,7.763967e+00,-2.565388e+01,-4.492494e+00,-5.269158e+00,1.962223e+01,4.421531e+00,4.362815e+01,2.321531e+00,-1.712378e+01,6.191494e+00,1.562269e+01,5.312144e+01,4.015606e+02,0,0
8.197126e+00,2.606254e+01,3.938034e+00,-1.554171e+01,5.126056e+00,-1.351654e+01,2.209067e+01,-1.287415e+01,-3.008528e+01,-1.029655e+02,2.697598e+01,1.105435e+02,4.550434e+02,0,0,8.197126e+00,-2.606254e+01,-3.938034e+00,-4.829423e+00,1.943832e+01,4.154035e+00,4.396669e+01,1.707009e+00,-1.702772e+01,7.218183e+00,1.500854e+01,5.217492e+01,4.006012e+02,0,0
9.241933e+00,2.501740e+01,3.198533e+00,-1.559593e+01,5.432311e+00,-1.353569e+01,2.291316e+01,-1.294122e+01,-3.147536e+01,-1.017569e+02,2.667354e+01,1.092498e+02,4.546758e+02,0,0,9.241933e+00,-2.501740e+01,-3.198533e+00,-5.842632e+00,1.905650e+01,2.796545e+00,4.287486e+01,8.950915e-01,-1.746533e+01,4.311781e+00,1.473889e+01,5.459174e+01,4.018372e+02,0,0
1.106688e+01,1.941915e+01,1.708924e+00,-1.716784e+01,6.677519e+00,-1.277274e+01,2.151086e+01,-1.261052e+01,-2.988730e+01,-9.686535e+01,2.345362e+01,1.065176e+02,4.521946e+02,0,0,1.106688e+01,-1.941915e+01,-1.708924e+00,-8.058086e+00,1.717054e+01,1.486017e+00,3.984116e+01,-1.805071e+00,-1.677840e+01,-9.701457e+00,1.431967e+01,6.191894e+01,4.089262e+02,0,0
1.048604e+01,1.469074e+01,1.537922e+00,-1.723867e+01,8.309846e+00,-1.060075e+01,2.193309e+01,-1.130947e+01,-2.909037e+01,-9.206927e+01,2.015540e+01,1.055810e+02,4.485315e+02,0,0,1.048604e+01,-1.469074e+01,-1.537922e+00,-8.869489e+00,1.694483e+01,-3.278102e+00,3.815811e+01,-2.865205e+00,-1.656734e+01,-1.647127e+01,1.348271e+01,6.630010e+01,4.107742e+02,0,0
1.086230e+01,1.338277e+01,1.482425e+00,-1.739594e+01,8.935149e+00,-1.065757e+01,2.185338e+01,-1.066565e+01,-2.997208e+01,-9.034812e+01,1.925116e+01,1.040686e+02,4.485111e+02,0,0,1.086230e+01,-1.338277e+01,-1.482425e+00,-8.473053e+00,1.663921e+01,-4.155034e+00,3.755629e+01,-4.373771e+00,-1.730000e+01,-2.367297e+01,1.363256e+01,7.309796e+01,4.161777e+02,0,0
1.106283e+01,1.080916e+01,1.263196e+00,-1.738410e+01,9.536195e+00,-1.065710e+01,2.298663e+01,-9.561862e+00,-2.992399e+01,-8.457632e+01,1.844811e+01,9.974410e+01,4.460474e+02,0,0,1.106283e+01,-1.080916e+01,-1.263196e+00,-8.271090e+00,1.556374e+01,-2.309797e+00,3.731935e+01,-5.593006e+00,-1.718587e+01,-3.369942e+01,1.407909e+01,8.031883e+01,4.235631e+02,0,0
1.188450e+01,7.722326e+00,8.992709e-01,-2.006484e+01,7.793126e+00,-9.931219e+00,2.260886e+01,-8.920331e+00,-2.932491e+01,-7.428012e+01,1.606831e+01,9.155452e+01,4.393793e+02,0,0,1.188450e+01,-7.722326e+00,-8.992709e-01,-8.441913e+00,1.155079e+01,-1.738415e+00,3.747722e+01,-6.798035e+00,-1.827488e+01,-4.400163e+01,1.445190e+01,8.667147e+01,4.316291e+02,0,0
1.188450e+01,7.722326e+00,8.992709e-01,-1.973743e+01,7.446624e+00,-8.113935e+00,2.255771e+01,-8.771642e+00,-2.850955e+01,-7.436985e+01,1.535254e+01,9.168422e+01,4.396519e+02,0,0,1.188450e+01,-7.722326e+00,-8.992709e-01,-9.240084e+00,1.170079e+01,-2.673713e+00,3.659462e+01,-7.171445e+00,-1.838346e+01,-4.195688e+01,1.398006e+01,8.417811e+01,4.296591e+02,0,0
1.185496e+01,7.697750e+00,8.969883e-01,-2.022166e+01,7.801268e+00,-8.261714e+00,2.216032e+01,-9.022210e+00,-2.897390e+01,-7.395565e+01,1.518882e+01,9.006058e+01,4.394362e+02,0,0,1.185496e+01,-7.697750e+00,-8.969883e-01,-8.569507e+00,1.187625e+01,-4.476258e+00,3.745636e+01,-6.784956e+00,-1.824736e+01,-4.174973e+01,1.419107e+01,8.477737e+01,4.295329e+02,0,0
1.190944e+01,7.720392e+00,9.011239e-01,-2.014113e+01,7.747402e+00,-8.590456e+00,2.213121e+01,-9.053295e+00,-2.902049e+01,-7.521427e+01,1.520943e+01,9.126299e+01,4.404285e+02,0,0,1.190944e+01,-7.720392e+00,-9.011239e-01,-8.466530e+00,1.195506e+01,-4.320917e+00,3.747218e+01,-6.808926e+00,-1.829780e+01,-4.159166e+01,1.429266e+01,8.461033e+01,4.292906e+02,0,0
1.190944e+01,7.720392e+00,9.011239e-01,-2.020178e+01,7.910707e+00,-8.386653e+00,2.218887e+01,-8.729414e+00,-2.889163e+01,-7.430294e+01,1.530764e+01,9.033097e+01,4.398485e+02,0,0,1.190944e+01,-7.720392e+00,-9.011239e-01,-8.393873e+00,1.207688e+01,-4.550112e+00,3.747218e+01,-6.808926e+00,-1.829780e+01,-4.028781e+01,1.434577e+01,8.335612e+01,4.285314e+02,0,0
1.118162e+01,7.179895e+00,6.313726e-01,-2.030506e+01,8.019199e+00,-7.219437e+00,2.316662e+01,-8.167239e+00,-2.799462e+01,-7.191816e+01,1.462624e+01,8.786838e+01,4.379515e+02,0,0,1.118162e+01,-7.179895e+00,-6.313726e-01,-9.369708e+00,1.178218e+01,-3.708302e+00,3.701849e+01,-6.754910e+00,-1.755012e+01,-3.872656e+01,1.379213e+01,8.078348e+01,4.265285e+02,0,0
1.130040e+01,7.174579e+00,6.311035e-01,-2.014374e+01,7.983515e+00,-8.712379e+00,2.262791e+01,-8.149330e+00,-2.830102e+01,-7.147903e+01,1.462076e+01,8.689978e+01,4.377423e+02,0,0,1.130040e+01,-7.174579e+00,-6.311035e-01,-9.094844e+00,1.195744e+01,-1.666496e+00,3.718982e+01,-6.848048e+00,-1.813242e+01,-3.824652e+01,1.402540e+01,8.012075e+01,4.262968e+02,0,0
1.120430e+01,7.182724e+00,6.258234e-01,-2.043323e+01,7.723753e+00,-8.335323e+00,2.263032e+01,-8.096722e+00,-2.821893e+01,-7.127475e+01,1.453298e+01,8.667450e+01,4.375454e+02,0,0,1.120430e+01,-7.182724e+00,-6.258234e-01,-9.342814e+00,1.159192e+01,-2.272659e+00,3.693820e+01,-6.743167e+00,-1.816790e+01,-3.796242e+01,1.395696e+01,7.983795e+01,4.258556e+02,0,0
1.114768e+01,6.922577e+00,1.118919e+00,-1.995756e+01,7.205165e+00,-8.705355e+00,2.292517e+01,-8.521664e+00,-2.797267e+01,-7.270858e+01,1.433424e+01,8.842327e+01,4.391078e+02,0,0,1.114768e+01,-6.922577e+00,-1.118919e+00,-9.667173e+00,1.210105e+01,-4.537100e+00,3.665112e+01,-6.317842e+00,-1.841249e+01,-3.661118e+01,1.424905e+01,7.820329e+01,4.239684e+02,0,0
1.107987e+01,7.416518e+00,1.399325e+00,-2.070423e+01,7.294730e+00,-8.301737e+00,2.245370e+01,-8.750802e+00,-2.781394e+01,-7.418477e+01,1.419123e+01,8.943616e+01,4.402154e+02,0,0,1.107987e+01,-7.416518e+00,-1.399325e+00,-9.425068e+00,1.257345e+01,-2.240060e+00,3.694545e+01,-6.031892e+00,-1.805036e+01,-3.491401e+01,1.444379e+01,7.699041e+01,4.227303e+02,0,0
1.107987e+01,7.416518e+00,1.399325e+00,-2.057067e+01,7.117365e+00,-8.410159e+00,2.245370e+01,-8.750802e+00,-2.781394e+01,-7.416629e+01,1.425870e+01,8.931302e+01,4.401086e+02,0,0,1.107987e+01,-7.416518e+00,-1.399325e+00,-9.441741e+00,1.241243e+01,-3.937812e+00,3.694545e+01,-6.031892e+00,-1.805036e+01,-3.474135e+01,1.439272e+01,7.639188e+01,4.224527e+02,0,0
1.100728e+01,7.916483e+00,1.667026e+00,-2.092322e+01,6.527918e+00,-7.455345e+00,2.234606e+01,-9.017505e+00,-2.729727e+01,-7.567926e+01,1.400164e+01,9.089156e+01,4.410299e+02,0,0,1.100728e+01,-7.916483e+00,-1.667026e+00,-8.988745e+00,1.230154e+01,-3.279391e+00,3.743584e+01,-5.790964e+00,-1.816027e+01,-3.385848e+01,1.444327e+01,7.641553e+01,4.220128e+02,0,0
1.121180e+01,8.258491e+00,1.169699e+00,-2.098774e+01,7.274970e+00,-8.535050e+00,2.213593e+01,-9.322490e+00,-2.747426e+01,-7.269792e+01,1.519430e+01,8.712135e+01,4.381095e+02,0,0,1.121180e+01,-8.258491e+00,-1.169699e+00,-9.027486e+00,1.205944e+01,-1.183821e+00,3.778531e+01,-6.290842e+00,-1.804071e+01,-3.380338e+01,1.421865e+01,7.587148e+01,4.219838e+02,0,0
1.171968e+01,8.230220e+00,1.170000e+00,-2.035623e+01,8.080172e+00,-7.842537e+00,2.199524e+01,-9.231702e+00,-2.764439e+01,-7.434489e+01,1.567338e+01,8.827048e+01,4.378440e+02,0,0,1.171968e+01,-8.230220e+00,-1.170000e+00,-8.683110e+00,1.235853e+01,-6.692520e-01,3.763628e+01,-6.592191e+00,-1.825831e+01,-3.433598e+01,1.468582e+01,7.639324e+01,4.217502e+02,0,0
1.171968e+01,8.230220e+00,1.170000e+00,-2.032281e+01,8.205374e+00,-7.064446e+00,2.188893e+01,-8.966951e+00,-2.698324e+01,-7.567104e+01,1.565063e+01,9.060197e+01,4.369738e+02,0,0,1.171968e+01,-8.230220e+00,-1.170000e+00,-8.335056e+00,1.250335e+01,-1.148801e+00,3.778709e+01,-6.634638e+00,-1.783203e+01,-3.446253e+01,1.419907e+01,7.752673e+01,4.207985e+02,0,0
1.188450e+01,7.722326e+00,8.992709e-01,-1.941481e+01,8.881705e+00,-8.404711e+00,2.242017e+01,-8.471279e+00,-2.710398e+01,-7.521349e+01,1.585158e+01,9.133911e+01,4.358470e+02,0,0,1.188450e+01,-7.722326e+00,-8.992709e-01,-8.780975e+00,1.227165e+01,-2.815823e+00,3.774098e+01,-7.004550e+00,-1.759365e+01,-3.547468e+01,1.369294e+01,7.872332e+01,4.199219e+02,0,0
1.188450e+01,7.722326e+00,8.992709e-01,-1.941975e+01,8.879455e+00,-8.420664e+00,2.242017e+01,-8.471279e+00,-2.710398e+01,-7.539065e+01,1.575059e+01,9.259285e+01,4.342488e+02,0,0,1.188450e+01,-7.722326e+00,-8.992709e-01,-8.651083e+00,1.207794e+01,-5.253801e+00,3.774098e+01,-7.004550e+00,-1.759365e+01,-3.567399e+01,1.338314e+01,7.880704e+01,4.186220e+02,0,0
1.188450e+01,7.722326e+00,8.992709e-01,-1.949486e+01,9.054379e+00,-6.809425e+00,2.225783e+01,-8.445900e+00,-2.694800e+01,-7.560250e+01,1.575125e+01,9.356373e+01,4.329495e+02,0,0,1.188450e+01,-7.722326e+00,-8.992709e-01,-8.786846e+00,1.203492e+01,-4.475042e+00,3.763895e+01,-7.533594e+00,-1.758572e+01,-3.421739e+01,1.295685e+01,7.735839e+01,4.152639e+02,0,0
1.188450e+01,7.722326e+00,8.992709e-01,-1.949064e+01,9.053150e+00,-6.782889e+00,2.225783e+01,-8.445900e+00,-2.694800e+01,-7.576281e+01,1.584633e+01,9.495080e+01,4.305146e+02,0,0,1.188450e+01,-7.722326e+00,-8.992709e-01,-8.804061e+00,1.204587e+01,-4.671473e+00,3.758960e+01,-7.520930e+00,-1.736822e+01,-3.165762e+01,1.227341e+01,7.393850e+01,4.105543e+02,0,0
1.183801e+01,8.225260e+00,1.169475e+00,-2.024382e+01,9.124433e+00,-6.362908e+00,2.138212e+01,-8.272196e+00,-2.628237e+01,-7.708748e+01,1.571938e+01,9.644104e+01,4.305040e+02,0,0,1.183801e+01,-8.225260e+00,-1.169475e+00,-8.440622e+00,1.234324e+01,-3.052745e+00,3.758332e+01,-7.372491e+00,-1.775422e+01,-3.017192e+01,1.227895e+01,7.284601e+01,4.076518e+02,0,0
1.174967e+01,7.969538e+00,1.662807e+00,-1.998318e+01,8.458854e+00,-7.394399e+00,2.167491e+01,-8.685133e+00,-2.601578e+01,-7.873385e+01,1.550847e+01,9.891732e+01,4.323860e+02,0,0,1.174967e+01,-7.969538e+00,-1.662807e+00,-9.043824e+00,1.272126e+01,-1.466890e+00,3.730248e+01,-6.933689e+00,-1.797386e+01,-2.914470e+01,1.247672e+01,7.146499e+01,4.047284e+02,0,0
1.174967e+01,7.969538e+00,1.662807e+00,-1.970533e+01,8.351499e+00,-7.107230e+00,2.151144e+01,-8.659936e+00,-2.585935e+01,-7.881486e+01,1.571452e+01,9.972733e+01,4.296357e+02,0,0,1.174967e+01,-7.969538e+00,-1.662807e+00,-9.455038e+00,1.256932e+01,-4.750545e+00,3.662621e+01,-7.361894e+00,-1.806094e+01,-3.027684e+01,1.231684e+01,7.140757e+01,4.025034e+02,0,0
1.164395e+01,8.733587e+00,1.438089e+00,-1.860446e+01,1.167558e+01,-6.126324e+00,2.090696e+01,-8.430988e+00,-2.602489e+01,-7.839682e+01,1.572254e+01,9.846733e+01,4.243508e+02,0,0,1.164395e+01,-8.733587e+00,-1.438089e+00,-8.020382e+00,1.586274e+01,-4.430644e+00,3.658007e+01,-7.865105e+00,-1.812338e+01,-2.845347e+01,1.180939e+01,6.850139e+01,3.963640e+02,0,0
1.144571e+01,9.240213e+00,1.706605e+00,-1.853463e+01,1.065849e+01,-5.794333e+00,2.026961e+01,-8.564564e+00,-2.561140e+01,-8.029973e+01,1.569387e+01,9.878730e+01,4.212442e+02,0,0,1.144571e+01,-9.240213e+00,-1.706605e+00,-9.090195e+00,1.608315e+01,-3.929366e+00,3.574290e+01,-7.306426e+00,-1.814824e+01,-2.457911e+01,1.196211e+01,6.356250e+01,3.908302e+02,0,0
1.210869e+01,9.792329e+00,1.990628e+00,-1.861003e+01,1.090430e+01,-7.401177e+00,1.968583e+01,-8.729747e+00,-2.658173e+01,-8.341707e+01,1.622506e+01,1.006683e+02,4.210571e+02,0,0,1.210869e+01,-9.792329e+00,-1.990628e+00,-9.474876e+00,1.649275e+01,-5.318888e+00,3.469178e+01,-7.818512e+00,-1.848189e+01,-2.355085e+01,1.248319e+01,6.215677e+01,3.881911e+02,0,0
1.195143e+01,1.051805e+01,1.757082e+00,-1.902752e+01,1.149517e+01,-6.543885e+00,1.948217e+01,-8.194236e+00,-2.615781e+01,-8.289052e+01,1.640483e+01,1.005452e+02,4.183743e+02,0,0,1.195143e+01,-1.051805e+01,-1.757082e+00,-9.762282e+00,1.667511e+01,-4.220648e+00,3.462580e+01,-7.774522e+00,-1.823183e+01,-1.980410e+01,1.267298e+01,5.768065e+01,3.838189e+02,0,0
1.259348e+01,1.134441e+01,1.527663e+00,-1.938066e+01,1.210381e+01,-7.396381e+00,1.857951e+01,-8.305661e+00,-2.681784e+01,-8.295691e+01,1.704474e+01,1.006530e+02,4.162113e+02,0,0,1.259348e+01,-1.134441e+01,-1.527663e+00,-9.896441e+00,1.676332e+01,-4.839568e+00,3.450097e+01,-8.032252e+00,-1.853962e+01,-2.046295e+01,1.303125e+01,5.929931e+01,3.827947e+02,0,0
1.258330e+01,1.133628e+01,1.541214e+00,-1.916525e+01,1.225888e+01,-9.181809e+00,1.866758e+01,-7.890858e+00,-2.690137e+01,-8.214089e+01,1.747909e+01,1.010289e+02,4.136696e+02,0,0,1.258330e+01,-1.133628e+01,-1.541214e+00,-1.077076e+01,1.737675e+01,-1.223332e+00,3.318202e+01,-7.734294e+00,-1.876860e+01,-2.061545e+01,1.337383e+01,5.977466e+01,3.807219e+02,0,0
1.329201e+01,1.211840e+01,1.302885e+00,-1.952731e+01,1.252083e+01,-8.112400e+00,1.758917e+01,-7.982192e+00,-2.783084e+01,-8.153205e+01,1.839741e+01,9.853057e+01,4.108433e+02,0,0,1.329201e+01,-1.211840e+01,-1.302885e+00,-1.061033e+01,1.746379e+01,-7.568801e+00,3.265043e+01,-7.925201e+00,-1.993326e+01,-2.177904e+01,1.469746e+01,5.900914e+01,3.805691e+02,0,0
1.305083e+01,1.256945e+01,1.697960e+00,-2.024556e+01,1.277061e+01,-8.741819e+00,1.689053e+01,-7.854205e+00,-2.706295e+01,-8.081520e+01,1.865394e+01,9.675570e+01,4.080323e+02,0,0,1.305083e+01,-1.256945e+01,-1.697960e+00,-1.093823e+01,1.782813e+01,-9.742434e+00,3.251994e+01,-7.234134e+00,-1.978912e+01,-1.943182e+01,1.581085e+01,5.432091e+01,3.761251e+02,0,0
1.305083e+01,1.256945e+01,1.697960e+00,-2.036020e+01,1.291879e+01,-6.835338e+00,1.695304e+01,-7.530854e+00,-2.695215e+01,-8.036908e+01,1.862777e+01,9.634004e+01,4.061399e+02,0,0,1.305083e+01,-1.256945e+01,-1.697960e+00,-1.099739e+01,1.753224e+01,-7.361424e+00,3.187281e+01,-7.152722e+00,-2.039291e+01,-1.928632e+01,1.627261e+01,5.300424e+01,3.751248e+02,0,0
1.316318e+01,1.255214e+01,1.712107e+00,-2.036456e+01,1.302295e+01,-7.714565e+00,1.688136e+01,-7.144724e+00,-2.697843e+01,-7.969216e+01,1.867268e+01,9.514583e+01,4.041241e+02,0,0,1.316318e+01,-1.255214e+01,-1.712107e+00,-1.174251e+01,1.772934e+01,-8.151831e+00,3.123404e+01,-7.608598e+00,-2.068787e+01,-2.147115e+01,1.638649e+01,5.242291e+01,3.749315e+02,0,0
1.390140e+01,1.262429e+01,1.707130e+00,-2.039031e+01,1.339128e+01,-8.615727e+00,1.646486e+01,-7.442285e+00,-2.735830e+01,-7.949704e+01,1.944664e+01,9.489653e+01,4.026872e+02,0,0,1.390140e+01,-1.262429e+01,-1.707130e+00,-1.145122e+01,1.765989e+01,-7.093648e+00,3.072408e+01,-7.840093e+00,-2.192918e+01,-2.356828e+01,1.765773e+01,5.171607e+01,3.763727e+02,0,0
1.382410e+01,1.311892e+01,1.984128e+00,-2.082797e+01,1.339789e+01,-9.274528e+00,1.554447e+01,-7.593216e+00,-2.720711e+01,-8.029970e+01,1.955379e+01,9.407754e+01,4.015583e+02,0,0,1.382410e+01,-1.311892e+01,-1.984128e+00,-1.119675e+01,1.788550e+01,-8.975667e+00,3.063187e+01,-7.258467e+00,-2.238037e+01,-2.319039e+01,1.853846e+01,4.820999e+01,3.753984e+02,0,0
1.382410e+01,1.311892e+01,1.984128e+00,-2.128380e+01,1.342015e+01,-6.931900e+00,1.561088e+01,-7.271621e+00,-2.709924e+01,-7.896242e+01,1.976275e+01,9.162610e+01,3.991633e+02,0,0,1.382410e+01,-1.311892e+01,-1.984128e+00,-1.193739e+01,1.755814e+01,-6.939780e+00,3.007495e+01,-7.226487e+00,-2.253383e+01,-2.363252e+01,1.945814e+01,4.469636e+01,3.747059e+02,0,0
1.364506e+01,1.308012e+01,1.975924e+00,-2.181422e+01,1.368680e+01,-8.175509e+00,1.530628e+01,-6.653626e+00,-2.732304e+01,-7.772566e+01,1.980469e+01,8.838735e+01,3.964156e+02,0,0,1.364506e+01,-1.308012e+01,-1.975924e+00,-1.185427e+01,1.745598e+01,-7.368482e+00,2.954430e+01,-7.080540e+00,-2.279487e+01,-2.387869e+01,1.967835e+01,4.319020e+01,3.759559e+02,0,0
1.364506e+01,1.308012e+01,1.975924e+00,-2.206217e+01,1.407527e+01,-6.966236e+00,1.494542e+01,-6.601820e+00,-2.736981e+01,-7.708495e+01,1.991704e+01,8.724372e+01,3.954134e+02,0,0,1.364506e+01,-1.308012e+01,-1.975924e+00,-1.225964e+01,1.751636e+01,-8.667073e+00,2.958314e+01,-6.874757e+00,-2.310303e+01,-2.375883e+01,1.987434e+01,4.121798e+01,3.733586e+02,0,0
1.361658e+01,1.308396e+01,1.971938e+00,-2.206167e+01,1.383683e+01,-8.012078e+00,1.494339e+01,-6.584623e+00,-2.734567e+01,-7.701921e+01,2.005197e+01,8.598425e+01,3.951163e+02,0,0,1.361658e+01,-1.308396e+01,-1.971938e+00,-1.244544e+01,1.713982e+01,-8.656242e+00,2.956339e+01,-6.855687e+00,-2.293878e+01,-2.387686e+01,2.004492e+01,4.055677e+01,3.734779e+02,0,0
1.361658e+01,1.308396e+01,1.971938e+00,-2.218498e+01,1.420554e+01,-6.698573e+00,1.458386e+01,-6.498884e+00,-2.697956e+01,-7.585381e+01,2.120730e+01,8.087804e+01,3.925257e+02,0,0,1.361658e+01,-1.308396e+01,-1.971938e+00,-1.281665e+01,1.721201e+01,-8.537004e+00,2.890573e+01,-6.709285e+00,-2.287969e+01,-2.449559e+01,2.074069e+01,3.738810e+01,3.728012e+02,0,0
1.373373e+01,1.306487e+01,1.988285e+00,-2.231487e+01,1.441759e+01,-7.497402e+00,1.466241e+01,-6.246466e+00,-2.697333e+01,-7.496611e+01,2.162706e+01,7.895418e+01,3.904097e+02,0,0,1.373373e+01,-1.306487e+01,-1.988285e+00,-1.272788e+01,1.691783e+01,-8.741183e+00,2.835401e+01,-6.716793e+00,-2.326422e+01,-2.567914e+01,2.089515e+01,3.662989e+01,3.729112e+02,0,0
1.421472e+01,1.302591e+01,1.983708e+00,-2.221371e+01,1.462452e+01,-6.205509e+00,1.459672e+01,-6.006230e+00,-2.731959e+01,-7.466040e+01,2.219209e+01,7.752259e+01,3.902298e+02,0,0,1.421472e+01,-1.302591e+01,-1.983708e+00,-1.243560e+01,1.713044e+01,-7.446403e+00,2.833677e+01,-6.868319e+00,-2.412700e+01,-2.692405e+01,2.141099e+01,3.727843e+01,3.740707e+02,0,0
1.365188e+01,1.355217e+01,2.266958e+00,-2.380081e+01,1.528199e+01,-3.259527e+00,1.359633e+01,-5.733731e+00,-2.728270e+01,-7.267121e+01,2.238206e+01,6.862910e+01,3.842670e+02,0,0,1.365188e+01,-1.355217e+01,-2.266958e+00,-1.219950e+01,1.755537e+01,-7.174995e+00,2.878546e+01,-6.401362e+00,-2.380509e+01,-2.580746e+01,2.164223e+01,3.520716e+01,3.735605e+02,0,0
1.359559e+01,1.362200e+01,2.258942e+00,-2.431975e+01,1.568499e+01,-7.166282e+00,1.243264e+01,-4.702920e+00,-2.705833e+01,-6.910579e+01,2.366940e+01,5.321741e+01,3.738685e+02,0,0,1.359559e+01,-1.362200e+01,-2.258942e+00,-1.236876e+01,1.707079e+01,-8.953562e+00,2.839831e+01,-6.122300e+00,-2.391484e+01,-2.522901e+01,2.164778e+01,3.472724e+01,3.729113e+02,0,0
1.368427e+01,1.360605e+01,2.273090e+00,-2.509612e+01,1.567258e+01,-5.673541e+00,1.147806e+01,-4.884101e+00,-2.783082e+01,-6.849827e+01,2.476390e+01,4.588434e+01,3.701022e+02,0,0,1.368427e+01,-1.360605e+01,-2.273090e+00,-1.221244e+01,1.724133e+01,-7.238189e+00,2.841099e+01,-6.155294e+00,-2.409750e+01,-2.608339e+01,2.155559e+01,3.550987e+01,3.736670e+02,0,0
1.362318e+01,1.355626e+01,2.262362e+00,-2.558928e+01,1.649432e+01,-6.946087e+00,1.088968e+01,-4.381976e+00,-2.803709e+01,-6.771984e+01,2.579530e+01,3.888364e+01,3.649928e+02,0,0,1.362318e+01,-1.355626e+01,-2.262362e+00,-1.234347e+01,1.732169e+01,-7.010634e+00,2.837069e+01,-6.148200e+00,-2.403126e+01,-2.574074e+01,2.175807e+01,3.510531e+01,3.733442e+02,0,0
1.411523e+01,1.325440e+01,2.758486e+00,-2.518243e+01,1.604197e+01,-7.372690e+00,1.046919e+01,-5.059506e+00,-2.848113e+01,-6.858268e+01,2.659145e+01,3.815936e+01,3.676342e+02,0,0,1.411523e+01,-1.325440e+01,-2.758486e+00,-1.233396e+01,1.819363e+01,-6.976695e+00,2.797492e+01,-5.829819e+00,-2.473307e+01,-2.696882e+01,2.253615e+01,3.596716e+01,3.762765e+02,0,0
1.419963e+01,1.276662e+01,2.480743e+00,-2.510313e+01,1.630337e+01,-7.005467e+00,1.107831e+01,-5.041816e+00,-2.883497e+01,-6.694788e+01,2.642220e+01,3.819424e+01,3.631432e+02,0,0,1.419963e+01,-1.276662e+01,-2.480743e+00,-1.241091e+01,1.735580e+01,-7.717386e+00,2.761891e+01,-6.218388e+00,-2.503466e+01,-2.809402e+01,2.208397e+01,3.741650e+01,3.767613e+02,0,0
1.445223e+01,1.288101e+01,2.478919e+00,-2.596513e+01,1.638689e+01,-8.809582e+00,1.044197e+01,-5.791049e+00,-2.917500e+01,-6.606146e+01,3.030745e+01,3.444660e+01,3.588167e+02,0,0,1.445223e+01,-1.288101e+01,-2.478919e+00,-1.258372e+01,1.753644e+01,-8.084097e+00,2.772073e+01,-6.301419e+00,-2.540942e+01,-2.842104e+01,2.214480e+01,3.789180e+01,3.756872e+02,0,0
1.421898e+01,1.250420e+01,2.979902e+00,-2.571137e+01,1.625123e+01,-7.003223e+00,1.009686e+01,-5.231460e+00,-2.868515e+01,-6.488823e+01,3.275227e+01,3.005920e+01,3.553232e+02,0,0,1.421898e+01,-1.250420e+01,-2.979902e+00,-1.248278e+01,1.778220e+01,-7.698694e+00,2.739908e+01,-5.631645e+00,-2.533743e+01,-2.773329e+01,2.268131e+01,3.674984e+01,3.762897e+02,0,0
1.421898e+01,1.250420e+01,2.979902e+00,-2.585797e+01,1.635255e+01,-7.136590e+00,9.925348e+00,-5.189107e+00,-2.850349e+01,-6.458342e+01,3.246720e+01,2.933813e+01,3.549043e+02,0,0,1.421898e+01,-1.250420e+01,-2.979902e+00,-1.236258e+01,1.751259e+01,-7.691918e+00,2.739908e+01,-5.631645e+00,-2.533743e+01,-2.764344e+01,2.259119e+01,3.664993e+01,3.745449e+02,0,0
1.421898e+01,1.250420e+01,2.979902e+00,-2.573033e+01,1.701921e+01,-6.588982e+00,1.034520e+01,-5.148203e+00,-2.808385e+01,-6.283583e+01,3.428450e+01,2.626151e+01,3.525477e+02,0,0,1.421898e+01,-1.250420e+01,-2.979902e+00,-1.258062e+01,1.775122e+01,-7.729638e+00,2.739908e+01,-5.631645e+00,-2.533743e+01,-2.750695e+01,2.251831e+01,3.652678e+01,3.745501e+02,0,0
1.441866e+01,1.200891e+01,2.701561e+00,-2.561482e+01,1.802500e+01,-7.183742e+00,9.756344e+00,-3.930875e+00,-2.807884e+01,-6.158607e+01,3.651083e+01,2.283068e+01,3.486289e+02,0,0,1.441866e+01,-1.200891e+01,-2.701561e+00,-1.285921e+01,1.737485e+01,-1.044366e+01,2.698248e+01,-5.941988e+00,-2.577961e+01,-2.853764e+01,2.247031e+01,3.711977e+01,3.749717e+02,0,0
1.432870e+01,1.175228e+01,3.200174e+00,-2.582227e+01,1.747005e+01,-7.289253e+00,9.969358e+00,-4.384166e+00,-2.785062e+01,-6.149892e+01,3.628949e+01,2.238790e+01,3.483909e+02,0,0,1.432870e+01,-1.175228e+01,-3.200174e+00,-1.317556e+01,1.782498e+01,-1.021176e+01,2.671807e+01,-5.467978e+00,-2.590684e+01,-2.832952e+01,2.271413e+01,3.659867e+01,3.744770e+02,0,0
1.432870e+01,1.175228e+01,3.200174e+00,-2.573189e+01,1.796089e+01,-3.686550e+00,9.865782e+00,-3.991101e+00,-2.755265e+01,-6.109144e+01,3.646389e+01,2.130228e+01,3.474301e+02,0,0,1.432870e+01,-1.175228e+01,-3.200174e+00,-1.313676e+01,1.799307e+01,-7.771518e+00,2.671807e+01,-5.467978e+00,-2.590684e+01,-2.816360e+01,2.265997e+01,3.644785e+01,3.743321e+02,0,0
1.432870e+01,1.175228e+01,3.200174e+00,-2.563455e+01,1.768438e+01,-6.344391e+00,9.792447e+00,-4.313077e+00,-2.765200e+01,-6.142370e+01,3.603884e+01,2.185966e+01,3.514837e+02,0,0,1.432870e+01,-1.175228e+01,-3.200174e+00,-1.290835e+01,1.782696e+01,-7.950059e+00,2.671807e+01,-5.467978e+00,-2.590684e+01,-2.769640e+01,2.271108e+01,3.658400e+01,3.744393e+02,0,0
1.384981e+01,1.177408e+01,3.207421e+00,-2.603464e+01,1.696593e+01,-7.773602e+00,1.021932e+01,-4.398139e+00,-2.774823e+01,-6.119490e+01,3.330726e+01,2.753853e+01,3.624333e+02,0,0,1.384981e+01,-1.177408e+01,-3.207421e+00,-1.285351e+01,1.787135e+01,-7.506775e+00,2.799355e+01,-5.836741e+00,-2.507701e+01,-2.553474e+01,2.165996e+01,4.079177e+01,3.790099e+02,0,0
1.384981e+01,1.177408e+01,3.207421e+00,-2.534083e+01,1.759331e+01,-4.974502e+00,1.227471e+01,-4.372601e+00,-2.652717e+01,-6.150536e+01,2.874612e+01,4.090461e+01,3.813343e+02,0,0,1.384981e+01,-1.177408e+01,-3.207421e+00,-1.275370e+01,1.777907e+01,-8.937941e+00,2.897404e+01,-5.953200e+00,-2.446896e+01,-2.399943e+01,2.044831e+01,4.534876e+01,3.869544e+02,0,0
1.391065e+01,1.183010e+01,3.222552e+00,-2.505057e+01,1.794223e+01,-4.912115e+00,1.468160e+01,-5.139177e+00,-2.583177e+01,-5.933273e+01,2.550199e+01,5.415335e+01,4.013652e+02,0,0,1.391065e+01,-1.183010e+01,-3.222552e+00,-1.304170e+01,1.802674e+01,-7.629006e+00,2.969187e+01,-5.670673e+00,-2.388783e+01,-2.351480e+01,1.867830e+01,5.214823e+01,3.938676e+02,0,0
1.353957e+01,1.174223e+01,3.198499e+00,-2.477248e+01,1.737560e+01,-3.583142e+00,1.593046e+01,-5.601255e+00,-2.479995e+01,-5.706316e+01,2.274800e+01,6.069035e+01,4.099697e+02,0,0,1.353957e+01,-1.174223e+01,-3.198499e+00,-1.363709e+01,1.768152e+01,-6.274599e+00,3.009890e+01,-5.683998e+00,-2.305461e+01,-2.047502e+01,1.845720e+01,5.258546e+01,3.962063e+02,0,0
1.305934e+01,1.176421e+01,3.205373e+00,-2.472040e+01,1.740841e+01,-6.103116e+00,1.717621e+01,-5.620790e+00,-2.451982e+01,-5.286167e+01,2.154022e+01,6.218495e+01,4.138495e+02,0,0,1.305934e+01,-1.176421e+01,-3.205373e+00,-1.355974e+01,1.780162e+01,-9.438309e+00,3.071173e+01,-5.542574e+00,-2.232504e+01,-1.887368e+01,1.816026e+01,5.564176e+01,3.999999e+02,0,0
1.314931e+01,1.202589e+01,2.706006e+00,-2.486492e+01,1.808158e+01,-5.174610e+00,1.765632e+01,-5.326024e+00,-2.478660e+01,-5.137877e+01,2.115212e+01,6.552781e+01,4.183093e+02,0,0,1.314931e+01,-1.202589e+01,-2.706006e+00,-1.291729e+01,1.755248e+01,-6.424850e+00,3.158575e+01,-5.585977e+00,-2.200342e+01,-2.029216e+01,1.762525e+01,6.175715e+01,4.069880e+02,0,0
1.314931e+01,1.202589e+01,2.706006e+00,-2.497982e+01,1.801745e+01,-5.238543e+00,1.806371e+01,-5.838397e+00,-2.405330e+01,-5.122164e+01,2.123935e+01,6.846858e+01,4.225822e+02,0,0,1.314931e+01,-1.202589e+01,-2.706006e+00,-1.287722e+01,1.782628e+01,-5.974202e+00,3.168110e+01,-4.962828e+00,-2.171580e+01,-2.115355e+01,1.765196e+01,6.801974e+01,4.129706e+02,0,0
1.305934e+01,1.176421e+01,3.205373e+00,-2.474382e+01,1.735063e+01,-4.420587e+00,1.844865e+01,-6.621019e+00,-2.406675e+01,-5.286376e+01,2.053023e+01,7.139549e+01,4.264574e+02,0,0,1.305934e+01,-1.176421e+01,-3.205373e+00,-1.295263e+01,1.847753e+01,-5.606162e+00,3.212129e+01,-4.695344e+00,-2.175133e+01,-2.109336e+01,1.803390e+01,7.063528e+01,4.163048e+02,0,0
1.305934e+01,1.176421e+01,3.205373e+00,-2.453886e+01,1.720616e+01,-6.085152e+00,1.889600e+01,-6.694983e+00,-2.450287e+01,-5.455109e+01,2.050887e+01,7.369738e+01,4.291052e+02,0,0,1.305934e+01,-1.176421e+01,-3.205373e+00,-1.255016e+01,1.896201e+01,-4.401295e+00,3.274264e+01,-4.283420e+00,-2.156036e+01,-2.197983e+01,1.818541e+01,7.294827e+01,4.185727e+02,0,0
1.316821e+01,1.126796e+01,2.934976e+00,-2.369864e+01,1.765948e+01,-8.701935e+00,1.909925e+01,-6.426420e+00,-2.438136e+01,-5.569924e+01,2.035078e+01,7.557918e+01,4.309558e+02,0,0,1.316821e+01,-1.126796e+01,-2.934976e+00,-1.293124e+01,1.912284e+01,-3.891985e+00,3.225128e+01,-4.548116e+00,-2.138308e+01,-2.375701e+01,1.790162e+01,7.556935e+01,4.211166e+02,0,0
1.316821e+01,1.126796e+01,2.934976e+00,-2.365218e+01,1.765167e+01,-3.910614e+00,1.923716e+01,-5.678663e+00,-2.436960e+01,-5.733491e+01,1.996912e+01,7.777324e+01,4.333125e+02,0,0,1.316821e+01,-1.126796e+01,-2.934976e+00,-1.260150e+01,1.940504e+01,-3.775721e+00,3.206335e+01,-3.829224e+00,-2.112991e+01,-2.469944e+01,1.812885e+01,7.639608e+01,4.227144e+02,0,0
1.325523e+01,1.152953e+01,2.434891e+00,-2.401426e+01,1.836530e+01,-5.712823e+00,1.909951e+01,-5.320194e+00,-2.446789e+01,-5.705799e+01,2.014304e+01,7.727236e+01,4.330153e+02,0,0,1.325523e+01,-1.152953e+01,-2.434891e+00,-1.223278e+01,1.912681e+01,-5.174212e+00,3.233304e+01,-4.289780e+00,-2.095464e+01,-2.512651e+01,1.768172e+01,7.771897e+01,4.235759e+02,0,0
1.325523e+01,1.152953e+01,2.434891e+00,-2.344877e+01,1.812506e+01,-5.167960e+00,1.894069e+01,-5.284210e+00,-2.429577e+01,-5.756024e+01,2.010232e+01,7.828247e+01,4.340714e+02,0,0,1.325523e+01,-1.152953e+01,-2.434891e+00,-1.178267e+01,1.906291e+01,-5.198543e+00,3.233304e+01,-4.289780e+00,-2.095464e+01,-2.521460e+01,1.779295e+01,7.779409e+01,4.239008e+02,0,0
1.325523e+01,1.152953e+01,2.434891e+00,-2.397899e+01,1.846443e+01,-3.534477e+00,1.894069e+01,-5.284210e+00,-2.429577e+01,-5.659726e+01,2.002465e+01,7.765484e+01,4.336545e+02,0,0,1.325523e+01,-1.152953e+01,-2.434891e+00,-1.210972e+01,1.907245e+01,-5.074111e+00,3.236804e+01,-4.300740e+00,-2.111308e+01,-2.431432e+01,1.769150e+01,7.745263e+01,4.233337e+02,0,0
1.279856e+01,1.056765e+01,1.767032e+00,-2.295845e+01,1.977875e+01,-2.651371e+00,1.976305e+01,-4.069172e+00,-2.547916e+01,-5.480118e+01,2.038467e+01,7.694512e+01,4.330976e+02,0,0,1.279856e+01,-1.056765e+01,-1.767032e+00,-1.113836e+01,1.899695e+01,-4.644329e+00,3.303812e+01,-4.967805e+00,-2.082500e+01,-2.882582e+01,1.800768e+01,8.151413e+01,4.273188e+02,0,0
1.201389e+01,1.002252e+01,1.484337e+00,-2.346612e+01,2.026106e+01,-3.554893e+00,1.957393e+01,-3.193418e+00,-2.593227e+01,-5.315141e+01,2.007699e+01,7.618144e+01,4.320743e+02,0,0,1.201389e+01,-1.002252e+01,-1.484337e+00,-1.096456e+01,1.901567e+01,-4.387760e+00,3.297610e+01,-4.911956e+00,-2.084954e+01,-2.969943e+01,1.795917e+01,8.199540e+01,4.273415e+02,0,0
1.132756e+01,9.245027e+00,1.707353e+00,-2.340571e+01,1.985627e+01,-4.385019e+00,1.988784e+01,-3.163412e+00,-2.594372e+01,-5.556880e+01,2.008520e+01,7.819050e+01,4.336832e+02,0,0,1.132756e+01,-9.245027e+00,-1.707353e+00,-1.207035e+01,1.867085e+01,-6.585048e+00,3.274579e+01,-5.135426e+00,-2.124274e+01,-3.022485e+01,1.823477e+01,8.169583e+01,4.266254e+02,0,0
1.132756e+01,9.245027e+00,1.707353e+00,-2.390199e+01,1.967769e+01,-3.334569e+00,1.962796e+01,-3.444912e+00,-2.657379e+01,-5.449237e+01,1.969223e+01,7.728618e+01,4.335975e+02,0,0,1.132756e+01,-9.245027e+00,-1.707353e+00,-1.208034e+01,1.854736e+01,-4.755351e+00,3.320473e+01,-5.216837e+00,-2.108659e+01,-2.663723e+01,1.810335e+01,7.722167e+01,4.241992e+02,0,0
1.145003e+01,8.968106e+00,2.216255e+00,-2.344093e+01,1.901617e+01,-4.150089e+00,2.000529e+01,-3.984008e+00,-2.659122e+01,-5.522094e+01,1.929427e+01,7.829343e+01,4.349193e+02,0,0,1.145003e+01,-8.968106e+00,-2.216255e+00,-1.230846e+01,1.879190e+01,-3.999562e+00,3.351355e+01,-5.033074e+00,-2.102263e+01,-2.547267e+01,1.828974e+01,7.611451e+01,4.234907e+02,0,0
1.224420e+01,8.772245e+00,2.705738e+00,-2.295431e+01,1.812967e+01,-4.702472e+00,2.068524e+01,-5.059136e+00,-2.767713e+01,-5.598510e+01,1.892578e+01,7.975511e+01,4.367191e+02,0,0,1.224420e+01,-8.772245e+00,-2.705738e+00,-1.373771e+01,1.957030e+01,-3.717175e+00,3.313724e+01,-4.455482e+00,-2.148942e+01,-2.410492e+01,1.869392e+01,7.492765e+01,4.223430e+02,0,0
1.207003e+01,7.857908e+00,4.318092e+00,-2.363412e+01,1.211584e+01,-6.759711e+00,2.181498e+01,-6.614005e+00,-2.782427e+01,-5.802435e+01,1.776550e+01,8.291112e+01,4.400079e+02,0,0,1.207003e+01,-7.857908e+00,-4.318092e+00,-1.557166e+01,1.596077e+01,-1.070012e+00,3.235518e+01,-3.094321e+00,-2.114871e+01,-2.074025e+01,1.932442e+01,7.145068e+01,4.187156e+02,0,0
1.142404e+01,8.031158e+00,5.203657e+00,-2.388333e+01,1.052201e+01,-7.144827e+00,2.124338e+01,-6.766686e+00,-2.775479e+01,-5.943504e+01,1.705665e+01,8.409415e+01,4.409660e+02,0,0,1.142404e+01,-8.031158e+00,-5.203657e+00,-1.490390e+01,1.632934e+01,-9.132308e-01,3.295887e+01,-2.236541e+00,-2.047406e+01,-1.980287e+01,1.980278e+01,7.092040e+01,4.185831e+02,0,0
1.165901e+01,7.592342e+00,4.817477e+00,-2.333353e+01,1.074740e+01,-6.870333e+00,2.145562e+01,-6.469489e+00,-2.859083e+01,-5.773334e+01,1.754280e+01,8.281800e+01,4.399564e+02,0,0,1.165901e+01,-7.592342e+00,-4.817477e+00,-1.460511e+01,1.758802e+01,1.841359e+00,3.447867e+01,-5.816663e-01,-1.909729e+01,-1.051244e+01,2.350477e+01,6.897199e+01,4.161882e+02,0,0
1.180237e+01,7.354582e+00,4.059247e+00,-2.333446e+01,1.143801e+01,-7.561406e+00,2.154445e+01,-6.578345e+00,-2.898965e+01,-5.249674e+01,1.835270e+01,7.876637e+01,4.361566e+02,0,0,1.180237e+01,-7.354582e+00,-4.059247e+00,-1.218728e+01,1.782739e+01,6.197766e-01,3.648842e+01,-1.866491e-01,-1.739613e+01,-5.616165e+00,2.564235e+01,6.933065e+01,4.167517e+02,0,0
1.210658e+01,6.048198e+00,3.994702e+00,-2.248425e+01,1.097178e+01,-7.687282e+00,2.284508e+01,-6.630648e+00,-2.919609e+01,-4.751733e+01,1.917080e+01,7.668298e+01,4.344915e+02,0,0,1.210658e+01,-6.048198e+00,-3.994702e+00,-1.041181e+01,1.774767e+01,2.162541e+00,3.820403e+01,2.303235e-01,-1.553007e+01,-2.262871e+00,2.850117e+01,7.137548e+01,4.182979e+02,0,0
1.215073e+01,4.279780e+00,3.686519e+00,-2.064790e+01,1.131658e+01,-7.207290e+00,2.536116e+01,-6.283608e+00,-2.917101e+01,-3.715206e+01,2.060591e+01,7.013171e+01,4.286082e+02,0,0,1.215073e+01,-4.279780e+00,-3.686519e+00,-8.554466e+00,1.702656e+01,2.943395e+00,4.001667e+01,1.305919e-01,-1.398734e+01,2.206670e-02,3.022323e+01,7.279251e+01,4.203775e+02,0,0
1.209931e+01,4.337084e+00,3.672584e+00,-2.019461e+01,1.055183e+01,-6.902462e+00,2.682118e+01,-6.452618e+00,-2.875775e+01,-2.407032e+01,2.285211e+01,6.269186e+01,4.205950e+02,0,0,1.209931e+01,-4.337084e+00,-3.672584e+00,-7.838859e+00,1.699441e+01,4.090691e+00,4.074434e+01,4.926729e-01,-1.314871e+01,2.299731e+00,3.163484e+01,7.214809e+01,4.201243e+02,0,0
1.110132e+01,3.781813e+00,3.403165e+00,-2.030001e+01,1.077959e+01,-5.700188e+00,2.786082e+01,-6.383512e+00,-2.737305e+01,-1.956438e+01,2.339109e+01,5.921131e+01,4.172578e+02,0,0,1.110132e+01,-3.781813e+00,-3.403165e+00,-8.277513e+00,1.682804e+01,6.654713e+00,4.015200e+01,-1.352975e-01,-1.256340e+01,1.736119e+00,3.125397e+01,7.213617e+01,4.196360e+02,0,0
9.696124e+00,4.346968e+00,2.284176e+00,-2.143570e+01,1.140626e+01,-2.692349e+00,2.845024e+01,-6.054837e+00,-2.566268e+01,-1.320399e+01,2.475860e+01,5.369195e+01,4.119556e+02,0,0,9.696124e+00,-4.346968e+00,-2.284176e+00,-8.492060e+00,1.679180e+01,6.337925e+00,4.110458e+01,-1.589916e-01,-1.154058e+01,2.976777e+00,3.097908e+01,7.069146e+01,4.182610e+02,0,0
8.990804e+00,4.874482e+00,2.573898e+00,-2.183782e+01,1.200878e+01,-6.560157e-01,3.023892e+01,-5.760411e+00,-2.262368e+01,-1.773802e+00,2.780353e+01,4.599938e+01,4.032803e+02,0,0,8.990804e+00,-4.874482e+00,-2.573898e+00,-8.803574e+00,1.661674e+01,6.363557e+00,4.101612e+01,8.532497e-02,-1.197189e+01,2.905709e+00,3.119745e+01,7.092556e+01,4.182441e+02,0,0
8.507388e+00,5.370230e+00,2.829891e+00,-2.171400e+01,1.257515e+01,2.569669e+00,3.113430e+01,-3.852989e+00,-1.973598e+01,9.084243e+00,3.281935e+01,4.051312e+01,3.983731e+02,0,0,8.507388e+00,-5.370230e+00,-2.829891e+00,-9.386789e+00,1.638389e+01,6.822710e+00,4.112408e+01,6.210028e-01,-1.200892e+01,2.449963e+00,3.128254e+01,7.178656e+01,4.185469e+02,0,0
8.411920e+00,6.165527e+00,2.619607e+00,-2.068387e+01,1.242901e+01,4.365050e+00,3.164088e+01,-2.842357e+00,-1.917370e+01,1.454700e+01,3.522521e+01,3.838730e+01,3.965170e+02,0,0,8.411920e+00,-6.165527e+00,-2.619607e+00,-9.495548e+00,1.629955e+01,7.009084e+00,4.113770e+01,6.187454e-01,-1.198245e+01,2.812284e+00,3.116300e+01,7.235808e+01,4.191339e+02,0,0
8.164454e+00,6.928727e+00,2.396478e+00,-2.058823e+01,1.270373e+01,4.986988e+00,3.286843e+01,-1.945587e+00,-1.850143e+01,2.195099e+01,4.149190e+01,3.667381e+01,3.948842e+02,0,0,8.164454e+00,-6.928727e+00,-2.396478e+00,-9.717931e+00,1.630460e+01,7.664745e+00,4.105394e+01,6.847447e-01,-1.173926e+01,3.665856e+00,3.092391e+01,7.216651e+01,4.193201e+02,0,0
8.091216e+00,7.432565e+00,2.662879e+00,-2.080046e+01,1.314632e+01,5.689451e+00,3.285852e+01,-6.507813e-01,-1.739140e+01,2.430180e+01,4.332897e+01,3.555812e+01,3.947459e+02,0,0,8.091216e+00,-7.432565e+00,-2.662879e+00,-9.219851e+00,1.702551e+01,6.756605e+00,4.156233e+01,9.112187e-01,-1.187126e+01,3.480159e+00,3.119040e+01,7.280029e+01,4.199327e+02,0,0
7.971319e+00,7.433649e+00,2.663704e+00,-2.063685e+01,1.309332e+01,5.809081e+00,3.313160e+01,-5.574484e-01,-1.706595e+01,2.455936e+01,4.347372e+01,3.496046e+01,3.946600e+02,0,0,7.971319e+00,-7.433649e+00,-2.663704e+00,-1.006847e+01,1.692830e+01,6.811906e+00,4.156731e+01,9.789909e-01,-1.177268e+01,4.028766e+00,3.112106e+01,7.229006e+01,4.194538e+02,0,0
7.971319e+00,7.433649e+00,2.663704e+00,-2.009568e+01,1.321023e+01,5.470825e+00,3.381410e+01,-6.303248e-01,-1.716345e+01,2.459952e+01,4.364504e+01,3.539694e+01,3.952591e+02,0,0,7.971319e+00,-7.433649e+00,-2.663704e+00,-1.096486e+01,1.664528e+01,5.645293e+00,4.099117e+01,5.303065e-01,-1.166376e+01,3.779433e+00,3.107421e+01,7.209669e+01,4.191332e+02,0,0
7.896734e+00,7.878168e+00,3.057363e+00,-1.847027e+01,1.585241e+01,4.580069e+00,3.358785e+01,-9.078963e-01,-1.713331e+01,2.482555e+01,4.345942e+01,3.480643e+01,3.946216e+02,0,0,7.896734e+00,-7.878168e+00,-3.057363e+00,-9.757233e+00,2.057676e+01,6.364218e+00,4.144141e+01,8.529804e-01,-1.187776e+01,3.905088e+00,3.121589e+01,7.165646e+01,4.190345e+02,0,0
7.896734e+00,7.878168e+00,3.057363e+00,-1.836859e+01,1.578644e+01,1.814741e+00,3.364141e+01,-2.653113e+00,-1.868428e+01,1.950871e+01,4.044684e+01,3.536096e+01,3.944846e+02,0,0,7.896734e+00,-7.878168e+00,-3.057363e+00,-9.476117e+00,2.079990e+01,3.904518e+00,4.152243e+01,8.379056e-01,-1.224098e+01,2.110173e+00,3.001688e+01,7.061056e+01,4.173850e+02,0,0
9.031923e+00,6.910492e+00,2.389052e+00,-2.184064e+01,8.688093e+00,-1.104685e+00,3.110620e+01,-7.503067e+00,-2.234471e+01,4.796545e+00,3.337918e+01,3.875428e+01,3.972881e+02,0,0,9.031923e+00,-6.910492e+00,-2.389052e+00,-1.153938e+01,1.471031e+01,4.092048e+00,3.975527e+01,-1.210073e+00,-1.495682e+01,-7.268366e+00,2.613781e+01,6.851851e+01,4.142888e+02,0,0
9.682087e+00,4.102176e+00,1.533707e+00,-2.253498e+01,5.355736e+00,-6.931154e+00,2.768652e+01,-9.648906e+00,-2.616548e+01,-9.684570e+00,2.417602e+01,4.172168e+01,4.010432e+02,0,0,9.682087e+00,-4.102176e+00,-1.533707e+00,-1.606569e+01,6.193003e+00,-2.637661e+00,3.546065e+01,-6.579810e+00,-1.881048e+01,-1.734171e+01,2.340323e+01,6.560466e+01,4.116071e+02,0,0
7.455226e+00,-2.348710e+00,2.706372e+00,-2.241881e+01,5.070301e+00,-3.362505e+00,3.035255e+01,-5.852918e+00,-2.557317e+01,4.100124e+01,2.125074e+01,2.844197e+00,3.596697e+02,0,0,7.455226e+00,2.348710e+00,-2.706372e+00,-1.597490e+01,2.710896e+00,-5.708144e+00,3.617521e+01,-1.072973e+01,-1.969843e+01,-2.548125e+01,2.765113e+01,6.438148e+01,4.112996e+02,0,0
-4.066467e-02,-3.138862e+00,3.053887e+00,-2.547561e+01,6.832624e+00,7.611110e+00,3.442481e+01,2.545405e+00,-2.105003e+01,8.154559e+01,3.859895e+01,-1.732825e+01,3.378060e+02,0,0,-4.066467e-02,3.138862e+00,-3.053887e+00,-1.049971e+01,-2.943794e-01,-5.788075e+00,4.210615e+01,-1.236020e+01,-1.621063e+01,-2.764086e+01,2.994160e+01,6.366362e+01,4.100072e+02,0,0
-8.043567e+00,3.490961e+00,3.888512e+00,-2.559441e+01,7.274035e+00,9.488567e+00,3.200411e+01,5.081928e+00,-1.942379e+01,8.427593e+01,4.253056e+01,-1.457779e+01,3.387161e+02,0,0,-8.043567e+00,-3.490961e+00,-3.888512e+00,-4.457527e+00,3.763586e-01,-3.143838e+00,4.993586e+01,-1.123001e+01,-1.426951e+01,-1.899448e+01,3.008138e+01,6.167069e+01,4.069499e+02,0,0
-1.295278e+01,7.210126e+00,8.099300e+00,-1.888234e+01,7.952871e+00,9.553915e+00,3.377713e+01,2.308728e+00,-1.652443e+01,9.053118e+01,4.080332e+01,-1.832353e+01,3.331198e+02,0,0,-1.295278e+01,-7.210126e+00,-8.099300e+00,-6.479637e+00,7.441990e+00,-1.432624e+00,4.852553e+01,-7.137330e+00,-1.739938e+01,-1.406669e+01,3.200591e+01,5.767314e+01,4.049438e+02,0,0
-1.544272e+01,1.153660e+01,8.719738e+00,-2.100642e+01,6.611353e+00,1.050676e+01,3.305731e+01,1.980721e+00,-1.473575e+01,9.143537e+01,3.975929e+01,-1.904613e+01,3.329257e+02,0,0,-1.544272e+01,-1.153660e+01,-8.719738e+00,-6.415537e+00,7.909205e+00,1.446737e+00,4.943571e+01,-4.610059e+00,-1.695520e+01,-9.458891e+00,3.085016e+01,5.741522e+01,4.042760e+02,0,0
-1.640443e+01,1.363904e+01,9.988483e+00,-2.183630e+01,6.061694e+00,1.158883e+01,3.320314e+01,2.594280e+00,-1.298936e+01,9.154970e+01,4.086108e+01,-1.711536e+01,3.366289e+02,0,0,-1.640443e+01,-1.363904e+01,-9.988483e+00,-5.052790e+00,7.623383e+00,2.348435e+00,4.948543e+01,-2.993368e+00,-1.654164e+01,-7.174544e+00,2.919186e+01,5.732436e+01,4.054439e+02,0,0
-1.790939e+01,1.834930e+01,7.455518e+00,-2.622326e+01,1.154582e+01,1.702338e+01,3.229427e+01,7.188497e+00,-1.245453e+01,8.636995e+01,4.503402e+01,-1.067568e+01,3.450066e+02,0,0,-1.790939e+01,-1.834930e+01,-7.455518e+00,1.833106e+00,6.017872e+00,5.910830e+00,5.390962e+01,-2.076743e+00,-1.202812e+01,1.935952e+00,2.454811e+01,5.532933e+01,4.023395e+02,0,0
-1.349467e+01,1.883420e+01,5.524708e+00,-2.398448e+01,1.325086e+01,1.542576e+01,3.408307e+01,6.306185e+00,-1.502487e+01,8.799832e+01,4.597983e+01,-1.222690e+01,3.431213e+02,0,0,-1.349467e+01,-1.883420e+01,-5.524708e+00,5.135796e+00,8.893825e+00,4.811200e+00,5.533542e+01,-2.773792e+00,-1.211786e+01,-4.086644e+00,2.453248e+01,6.316645e+01,4.104397e+02,0,0
-1.099019e+01,1.626774e+01,2.490687e+00,-2.373581e+01,1.299533e+01,1.545901e+01,3.519800e+01,6.432917e+00,-1.396386e+01,9.578055e+01,4.804803e+01,-1.963554e+01,3.361584e+02,0,0,-1.099019e+01,-1.626774e+01,-2.490687e+00,3.132728e+00,8.825864e+00,4.344295e+00,5.555238e+01,-2.941783e+00,-1.013364e+01,-4.413569e+00,2.469655e+01,6.199956e+01,4.097681e+02,0,0
