% Calibrated with leiden_pols
% Positions are in centimeters
Data =[
 2    68.189    -3.545    58.672
 2     0.220     0.980     0.020
 2    -0.970     0.210     0.060
 2     0.060    -0.040     1.000
 3   108.456     0.353     1.044
 3    -0.400    -0.050    -0.910
 3     0.090    -1.000     0.010
 3    -0.910    -0.070     0.410
 4    94.986    19.385    -4.876
 4     0.700    -0.470    -0.540
 4     0.670     0.700     0.240
 4     0.270    -0.530     0.800
 5    93.910    23.854    26.308
 5    -0.130    -0.110    -0.990
 5     0.510     0.840    -0.160
 5     0.850    -0.530    -0.050
 6   111.882    28.079    49.710
 6     0.340     0.070     0.940
 6    -0.780     0.570     0.240
 6    -0.520    -0.820     0.250
 7    95.483   -19.657    -6.579
 7     0.520     0.610    -0.600
 7    -0.820     0.550    -0.160
 7     0.230     0.580     0.780
 8    95.334   -27.603    23.884
 8    -0.250     0.170    -0.950
 8    -0.590     0.760     0.290
 8     0.770     0.630    -0.090
 9   114.892   -32.457    46.136
 9     0.430    -0.040     0.900
 9     0.620     0.740    -0.270
 9    -0.660     0.670     0.340
 2    68.188    -3.544    58.629
 2     0.220     0.980     0.020
 2    -0.970     0.210     0.060
 2     0.060    -0.040     1.000
 3   108.456     0.353     1.044
 3    -0.400    -0.050    -0.910
 3     0.090    -1.000     0.010
 3    -0.910    -0.070     0.410
 4    94.986    19.385    -4.876
 4     0.700    -0.470    -0.540
 4     0.670     0.700     0.240
 4     0.270    -0.530     0.800
 5    93.956    23.854    26.308
 5    -0.130    -0.110    -0.990
 5     0.510     0.840    -0.160
 5     0.850    -0.520    -0.050
 6   111.882    28.079    49.710
 6     0.340     0.070     0.940
 6    -0.780     0.570     0.240
 6    -0.520    -0.820     0.250
 7    95.483   -19.657    -6.579
 7     0.520     0.610    -0.600
 7    -0.820     0.550    -0.160
 7     0.230     0.580     0.780
 8    95.337   -27.602    23.924
 8    -0.240     0.170    -0.950
 8    -0.590     0.760     0.280
 8     0.770     0.630    -0.090
 9   114.842   -32.409    46.182
 9     0.430    -0.040     0.900
 9     0.620     0.740    -0.270
 9    -0.660     0.670     0.340
 2    68.188    -3.544    58.629
 2     0.220     0.980     0.020
 2    -0.970     0.210     0.060
 2     0.060    -0.040     1.000
 3   108.456     0.353     1.044
 3    -0.400    -0.050    -0.910
 3     0.090    -1.000     0.010
 3    -0.910    -0.070     0.410
 4    94.940    19.338    -4.875
 4     0.700    -0.470    -0.540
 4     0.670     0.700     0.240
 4     0.270    -0.530     0.800
 5    93.956    23.854    26.308
 5    -0.130    -0.110    -0.990
 5     0.510     0.840    -0.160
 5     0.850    -0.520    -0.050
 6   111.882    28.079    49.710
 6     0.340     0.070     0.940
 6    -0.780     0.570     0.240
 6    -0.520    -0.820     0.250
 7    95.483   -19.657    -6.534
 7     0.520     0.610    -0.600
 7    -0.820     0.550    -0.160
 7     0.230     0.580     0.780
 8    95.337   -27.602    23.924
 8    -0.240     0.170    -0.950
 8    -0.590     0.760     0.280
 8     0.770     0.630    -0.090
 9   114.842   -32.409    46.182
 9     0.430    -0.040     0.900
 9     0.620     0.740    -0.270
 9    -0.660     0.670     0.340
 2    68.189    -3.545    58.672
 2     0.220     0.980     0.020
 2    -0.970     0.210     0.060
 2     0.060    -0.040     1.000
 3   108.405     0.305     1.047
 3    -0.400    -0.050    -0.910
 3     0.090    -1.000     0.010
 3    -0.910    -0.070     0.410
 4    94.940    19.338    -4.875
 4     0.700    -0.470    -0.540
 4     0.670     0.700     0.240
 4     0.270    -0.530     0.800
 5    93.910    23.854    26.308
 5    -0.130    -0.110    -0.990
 5     0.510     0.840    -0.160
 5     0.850    -0.520    -0.050
 6   111.886    28.079    49.754
 6     0.340     0.070     0.940
 6    -0.790     0.570     0.240
 6    -0.520    -0.820     0.250
 7    95.483   -19.657    -6.534
 7     0.520     0.610    -0.600
 7    -0.820     0.550    -0.160
 7     0.230     0.580     0.780
 8    95.291   -27.600    23.923
 8    -0.240     0.170    -0.950
 8    -0.590     0.760     0.280
 8     0.770     0.630    -0.090
 9   114.898   -32.460    46.224
 9     0.430    -0.040     0.900
 9     0.620     0.740    -0.270
 9    -0.660     0.670     0.340
 2    68.188    -3.544    58.629
 2     0.220     0.980     0.020
 2    -0.970     0.210     0.060
 2     0.060    -0.040     1.000
 3   108.405     0.353     1.047
 3    -0.400    -0.050    -0.910
 3     0.090    -1.000     0.010
 3    -0.910    -0.070     0.410
 4    94.940    19.338    -4.875
 4     0.700    -0.470    -0.540
 4     0.670     0.700     0.240
 4     0.270    -0.530     0.800
 5    93.909    23.855    26.264
 5    -0.130    -0.110    -0.990
 5     0.510     0.840    -0.160
 5     0.850    -0.520    -0.050
 6   111.830    28.078    49.715
 6     0.340     0.070     0.940
 6    -0.790     0.570     0.240
 6    -0.520    -0.820     0.250
 7    95.483   -19.657    -6.534
 7     0.520     0.610    -0.600
 7    -0.820     0.550    -0.160
 7     0.230     0.580     0.780
 8    95.291   -27.600    23.923
 8    -0.240     0.170    -0.950
 8    -0.590     0.760     0.280
 8     0.770     0.630    -0.090
 9   114.845   -32.411    46.227
 9     0.430    -0.040     0.900
 9     0.620     0.740    -0.270
 9    -0.660     0.670     0.340
 2    68.189    -3.545    58.672
 2     0.220     0.980     0.020
 2    -0.970     0.210     0.060
 2     0.060    -0.040     1.000
 3   108.404     0.304     1.049
 3    -0.410    -0.050    -0.910
 3     0.090    -1.000     0.010
 3    -0.910    -0.070     0.410
 4    95.080    19.344    -4.929
 4     0.690    -0.470    -0.540
 4     0.670     0.700     0.240
 4     0.260    -0.530     0.800
 5    94.505    24.051    26.294
 5    -0.140    -0.110    -0.980
 5     0.520     0.830    -0.170
 5     0.840    -0.540    -0.060
 6   112.365    28.175    49.563
 6     0.350     0.070     0.930
 6    -0.790     0.560     0.250
 6    -0.500    -0.830     0.250
 7    95.530   -19.702    -6.498
 7     0.530     0.610    -0.600
 7    -0.820     0.540    -0.170
 7     0.220     0.580     0.780
 8    95.657   -27.760    24.159
 8    -0.260     0.180    -0.950
 8    -0.580     0.750     0.300
 8     0.770     0.630    -0.090
 9   115.284   -32.616    46.106
 9     0.440    -0.030     0.900
 9     0.630     0.730    -0.280
 9    -0.640     0.690     0.340
 2    68.188    -3.544    58.629
 2     0.220     0.980     0.020
 2    -0.970     0.210     0.060
 2     0.060    -0.040     1.000
 3   108.449     0.155     1.099
 3    -0.410    -0.050    -0.910
 3     0.080    -1.000     0.020
 3    -0.910    -0.070     0.410
 4    95.314    19.206    -4.931
 4     0.680    -0.490    -0.550
 4     0.680     0.690     0.240
 4     0.260    -0.540     0.800
 5    98.453    24.436    26.298
 5    -0.290    -0.150    -0.950
 5     0.470     0.840    -0.270
 5     0.830    -0.520    -0.170
 6   120.092    30.469    46.372
 6     0.480     0.110     0.870
 6    -0.780     0.520     0.360
 6    -0.410    -0.850     0.340
 7    95.485   -19.844    -6.355
 7     0.520     0.600    -0.600
 7    -0.820     0.540    -0.170
 7     0.230     0.590     0.780
 8    97.925   -28.728    24.319
 8    -0.370     0.250    -0.890
 8    -0.460     0.790     0.410
 8     0.810     0.560    -0.180
 9   120.968   -36.564    43.142
 9     0.580    -0.100     0.810
 9     0.700     0.560    -0.430
 9    -0.410     0.820     0.390
 2    68.189    -3.545    58.672
 2     0.220     0.980     0.020
 2    -0.970     0.210     0.060
 2     0.060    -0.040     1.000
 3   108.451    -0.131     1.053
 3    -0.410    -0.060    -0.910
 3     0.080    -1.000     0.030
 3    -0.910    -0.060     0.410
 4    95.322    18.689    -5.401
 4     0.630    -0.530    -0.570
 4     0.730     0.660     0.190
 4     0.280    -0.540     0.800
 5   104.908    26.404    23.788
 5    -0.530    -0.230    -0.820
 5     0.370     0.800    -0.460
 5     0.760    -0.550    -0.340
