% Calibrated with leiden_pols
% Positions are in centimeters
Data =[
 2    68.190    -3.590    58.672
 2     0.220     0.980     0.030
 2    -0.970     0.210     0.060
 2     0.060    -0.040     1.000
 3   106.679     0.224    -1.159
 3    -0.500    -0.050    -0.870
 3     0.040    -1.000     0.030
 3    -0.870    -0.020     0.500
 4    92.101    17.639    -8.813
 4     0.440    -0.690    -0.570
 4     0.770     0.620    -0.160
 4     0.470    -0.370     0.800
 5   115.038    27.210     5.803
 5    -0.960    -0.250    -0.100
 5    -0.190     0.880    -0.430
 5     0.190    -0.390    -0.900
 6   116.722    22.074   -19.500
 6    -0.130    -0.380    -0.920
 6     0.960     0.190    -0.210
 6     0.250    -0.910     0.340
 7    90.488   -17.008    -9.808
 7     0.260     0.740    -0.620
 7    -0.810     0.510     0.270
 7     0.520     0.430     0.740
 8   111.731   -31.266     4.797
 8    -0.850     0.520     0.050
 8     0.490     0.750     0.440
 8     0.190     0.400    -0.900
 9   113.714   -27.102   -19.238
 9    -0.270     0.440    -0.860
 9    -0.890     0.230     0.400
 9     0.380     0.870     0.330
 2    68.189    -3.545    58.672
 2     0.220     0.980     0.020
 2    -0.970     0.210     0.060
 2     0.060    -0.040     1.000
 3   106.679     0.177    -1.159
 3    -0.500    -0.050    -0.870
 3     0.040    -1.000     0.030
 3    -0.870    -0.020     0.500
 4    91.964    17.546    -8.813
 4     0.440    -0.690    -0.570
 4     0.760     0.620    -0.160
 4     0.470    -0.370     0.800
 5   114.783    27.523     5.734
 5    -0.960    -0.260    -0.100
 5    -0.200     0.880    -0.440
 5     0.200    -0.400    -0.890
 6   116.619    22.163   -19.483
 6    -0.120    -0.390    -0.910
 6     0.960     0.200    -0.210
 6     0.260    -0.900     0.350
 7    90.442   -16.962    -9.763
 7     0.260     0.740    -0.620
 7    -0.810     0.520     0.270
 7     0.520     0.430     0.740
 8   111.584   -31.446     4.657
 8    -0.850     0.530     0.050
 8     0.500     0.750     0.440
 8     0.190     0.400    -0.900
 9   113.662   -27.149   -19.192
 9    -0.270     0.450    -0.850
 9    -0.880     0.240     0.400
 9     0.380     0.860     0.330
 2    68.189    -3.545    58.672
 2     0.220     0.980     0.020
 2    -0.970     0.210     0.060
 2     0.060    -0.040     1.000
 3   106.629     0.179    -1.246
 3    -0.500    -0.050    -0.870
 3     0.040    -1.000     0.030
 3    -0.870    -0.020     0.500
 4    91.875    17.500    -8.857
 4     0.440    -0.690    -0.580
 4     0.760     0.630    -0.170
 4     0.470    -0.360     0.800
 5   114.537    27.847     5.602
 5    -0.960    -0.280    -0.090
 5    -0.210     0.870    -0.440
 5     0.200    -0.400    -0.890
 6   116.411    22.386   -19.495
 6    -0.120    -0.400    -0.910
 6     0.950     0.210    -0.210
 6     0.280    -0.890     0.350
 7    90.308   -16.912    -9.765
 7     0.260     0.740    -0.620
 7    -0.810     0.520     0.270
 7     0.520     0.430     0.730
 8   111.387   -31.576     4.561
 8    -0.840     0.540     0.060
 8     0.510     0.740     0.440
 8     0.190     0.400    -0.900
 9   113.360   -27.192   -19.344
 9    -0.270     0.450    -0.850
 9    -0.870     0.250     0.410
 9     0.400     0.850     0.330
 2    68.189    -3.545    58.672
 2     0.220     0.980     0.020
 2    -0.970     0.210     0.060
 2     0.060    -0.040     1.000
 3   106.568     0.128    -1.257
 3    -0.500    -0.050    -0.860
 3     0.040    -1.000     0.030
 3    -0.860    -0.020     0.500
 4    91.695    17.309    -8.896
 4     0.450    -0.680    -0.580
 4     0.750     0.640    -0.170
 4     0.480    -0.360     0.800
 5   113.889    28.481     5.576
 5    -0.940    -0.310    -0.090
 5    -0.240     0.860    -0.450
 5     0.220    -0.400    -0.890
 6   116.102    22.842   -19.406
 6    -0.100    -0.410    -0.910
 6     0.950     0.240    -0.210
 6     0.310    -0.880     0.370
 7    90.088   -16.860    -9.721
 7     0.270     0.740    -0.620
 7    -0.800     0.530     0.280
 7     0.530     0.420     0.730
 8   110.991   -31.940     4.569
 8    -0.830     0.550     0.060
 8     0.520     0.730     0.440
 8     0.200     0.400    -0.900
 9   112.801   -27.465   -19.080
 9    -0.270     0.460    -0.850
 9    -0.860     0.280     0.420
 9     0.430     0.840     0.320
 2    68.189    -3.545    58.672
 2     0.220     0.980     0.020
 2    -0.970     0.210     0.060
 2     0.060    -0.040     1.000
 3   106.616     0.080    -1.479
 3    -0.510    -0.050    -0.860
 3     0.030    -1.000     0.030
 3    -0.860    -0.010     0.510
 4    91.429    17.068    -8.928
 4     0.460    -0.680    -0.570
 4     0.730     0.660    -0.180
 4     0.500    -0.340     0.800
 5   113.148    29.347     5.502
 5    -0.930    -0.360    -0.090
 5    -0.280     0.840    -0.450
 5     0.240    -0.400    -0.890
 6   115.489    23.619   -19.394
 6    -0.080    -0.420    -0.900
 6     0.930     0.290    -0.220
 6     0.350    -0.860     0.370
 7    89.735   -16.668    -9.717
 7     0.280     0.740    -0.620
 7    -0.790     0.540     0.290
 7     0.550     0.400     0.730
 8   109.910   -32.634     4.198
 8    -0.800     0.590     0.080
 8     0.560     0.700     0.440
 8     0.210     0.390    -0.900
 9   111.715   -28.056   -19.337
 9    -0.260     0.480    -0.840
 9    -0.840     0.320     0.440
 9     0.480     0.820     0.320
 2    68.189    -3.545    58.672
 2     0.220     0.980     0.020
 2    -0.970     0.210     0.060
 2     0.060    -0.040     1.000
 3   106.553    -0.019    -1.576
 3    -0.520    -0.040    -0.850
 3     0.020    -1.000     0.030
 3    -0.850    -0.000     0.520
 4    90.982    16.691    -8.967
 4     0.480    -0.670    -0.570
 4     0.720     0.670    -0.190
 4     0.510    -0.320     0.800
 5   112.215    30.305     5.114
 5    -0.910    -0.400    -0.080
 5    -0.330     0.820    -0.460
 5     0.250    -0.400    -0.880
 6   114.479    24.294   -19.631
 6    -0.060    -0.440    -0.890
 6     0.920     0.330    -0.230
 6     0.400    -0.830     0.380
 7    89.250   -16.380    -9.896
 7     0.290     0.740    -0.610
 7    -0.770     0.560     0.310
 7     0.570     0.380     0.730
 8   108.384   -33.782     3.438
 8    -0.760     0.640     0.100
 8     0.610     0.650     0.460
 8     0.230     0.410    -0.880
 9   110.550   -28.831   -20.041
 9    -0.220     0.520    -0.830
 9    -0.810     0.380     0.450
 9     0.540     0.770     0.340
 2    68.188    -3.544    58.629
 2     0.220     0.980     0.020
 2    -0.970     0.210     0.060
 2     0.060    -0.040     1.000
 3   106.504    -0.113    -1.618
 3    -0.520    -0.040    -0.850
 3     0.020    -1.000     0.030
 3    -0.850    -0.000     0.530
 4    90.938    16.553    -9.010
 4     0.480    -0.670    -0.570
 4     0.710     0.670    -0.190
 4     0.510    -0.310     0.800
 5   111.867    30.617     4.993
 5    -0.900    -0.420    -0.070
 5    -0.340     0.810    -0.470
 5     0.260    -0.400    -0.880
 6   114.226    24.288   -19.656
 6    -0.060    -0.450    -0.890
 6     0.910     0.340    -0.230
 6     0.410    -0.820     0.390
 7    89.162   -16.329    -9.900
 7     0.300     0.730    -0.610
 7    -0.770     0.570     0.310
 7     0.570     0.380     0.730
 8   107.996   -34.185     3.305
 8    -0.750     0.660     0.100
 8     0.620     0.640     0.460
 8     0.240     0.400    -0.880
 9   110.205   -29.106   -19.886
 9    -0.210     0.520    -0.830
 9    -0.800     0.390     0.450
 9     0.560     0.760     0.340
 2    68.188    -3.544    58.629
 2     0.220     0.980     0.020
 2    -0.970     0.210     0.060
 2     0.060    -0.040     1.000
 3   106.504    -0.113    -1.618
 3    -0.520    -0.040    -0.850
 3     0.020    -1.000     0.030
 3    -0.850    -0.000     0.520
 4    90.985    16.508    -9.010
 4     0.480    -0.670    -0.560
 4     0.710     0.670    -0.190
 4     0.510    -0.310     0.800
 5   111.866    30.664     4.949
 5    -0.900    -0.420    -0.070
 5    -0.340     0.810    -0.470
 5     0.260    -0.400    -0.880
