% Calibrated with leiden_pols
% Positions are in centimeters
Data =[
 2    68.188    -3.544    58.629
 2     0.220     0.980     0.020
 2    -0.970     0.210     0.060
 2     0.060    -0.040     1.000
 3   108.963     0.481     1.218
 3    -0.390    -0.040    -0.920
 3     0.060    -1.000     0.020
 3    -0.920    -0.050     0.390
 4    95.920    19.734    -5.360
 4     0.690    -0.490    -0.530
 4     0.680     0.690     0.250
 4     0.240    -0.530     0.810
 5    95.000    22.618    25.156
 5    -0.300    -0.130    -0.950
 5     0.200     0.960    -0.190
 5     0.930    -0.240    -0.260
 6   122.718    22.481    16.768
 6     0.900    -0.260    -0.360
 6     0.390     0.060     0.920
 6    -0.210    -0.960     0.150
 7    96.038   -18.908    -7.011
 7     0.580     0.600    -0.560
 7    -0.790     0.580    -0.190
 7     0.210     0.550     0.810
 8    93.559   -25.255    23.163
 8    -0.320     0.290    -0.900
 8    -0.140     0.930     0.350
 8     0.940     0.230    -0.260
 9   120.008   -30.422    17.498
 9     0.870     0.010    -0.490
 9    -0.480     0.120    -0.870
 9     0.050     0.990     0.110
 2    68.189    -3.545    58.672
 2     0.220     0.980     0.020
 2    -0.970     0.210     0.060
 2     0.060    -0.040     1.000
 3   108.913     0.481     1.266
 3    -0.390    -0.040    -0.920
 3     0.060    -1.000     0.020
 3    -0.920    -0.050     0.390
 4    95.966    19.828    -5.362
 4     0.690    -0.500    -0.530
 4     0.680     0.680     0.250
 4     0.240    -0.530     0.810
 5    95.140    22.431    25.204
 5    -0.300    -0.120    -0.950
 5     0.200     0.960    -0.180
 5     0.930    -0.250    -0.270
 6   122.827    22.251    16.702
 6     0.890    -0.250    -0.370
 6     0.390     0.040     0.920
 6    -0.220    -0.970     0.140
 7    95.854   -18.857    -7.146
 7     0.580     0.600    -0.550
 7    -0.780     0.590    -0.190
 7     0.210     0.540     0.810
 8    93.689   -24.980    23.291
 8    -0.330     0.280    -0.900
 8    -0.150     0.930     0.340
 8     0.930     0.250    -0.270
 9   120.050   -30.133    17.321
 9     0.870    -0.000    -0.500
 9    -0.500     0.100    -0.860
 9     0.050     0.990     0.090
 2    68.189    -3.545    58.672
 2     0.220     0.980     0.020
 2    -0.970     0.210     0.060
 2     0.060    -0.040     1.000
 3   108.865     0.434     1.223
 3    -0.390    -0.050    -0.920
 3     0.060    -1.000     0.020
 3    -0.920    -0.040     0.400
 4    95.919    19.828    -5.361
 4     0.690    -0.500    -0.530
 4     0.680     0.690     0.250
 4     0.240    -0.530     0.810
 5    95.041    22.476    25.197
 5    -0.300    -0.120    -0.950
 5     0.190     0.970    -0.180
 5     0.930    -0.230    -0.270
 6   122.766    22.482    16.587
 6     0.890    -0.250    -0.370
 6     0.400     0.040     0.920
 6    -0.210    -0.970     0.140
 7    95.715   -18.854    -7.050
 7     0.590     0.590    -0.560
 7    -0.780     0.600    -0.190
 7     0.220     0.540     0.810
 8    93.497   -25.222    23.187
 8    -0.330     0.300    -0.900
 8    -0.120     0.930     0.350
 8     0.940     0.230    -0.270
 9   119.836   -30.458    17.032
 9     0.860    -0.000    -0.510
 9    -0.500     0.120    -0.860
 9     0.060     0.990     0.100
 2    68.189    -3.545    58.672
 2     0.220     0.980     0.020
 2    -0.970     0.210     0.060
 2     0.060    -0.040     1.000
 3   108.644     0.382     1.233
 3    -0.400    -0.050    -0.910
 3     0.060    -1.000     0.020
 3    -0.910    -0.050     0.400
 4    95.779    19.827    -5.359
 4     0.690    -0.490    -0.530
 4     0.680     0.690     0.250
 4     0.240    -0.530     0.810
 5    95.133    22.054    25.293
 5    -0.310    -0.100    -0.940
 5     0.190     0.970    -0.170
 5     0.930    -0.230    -0.280
 6   122.698    22.383    16.381
 6     0.890    -0.230    -0.390
 6     0.410     0.020     0.910
 6    -0.200    -0.970     0.120
 7    95.484   -18.851    -7.041
 7     0.580     0.590    -0.560
 7    -0.780     0.600    -0.180
 7     0.230     0.550     0.810
 8    93.453   -25.173    23.182
 8    -0.330     0.300    -0.890
 8    -0.120     0.930     0.350
 8     0.940     0.220    -0.270
 9   119.783   -30.745    17.005
 9     0.860    -0.010    -0.510
 9    -0.500     0.120    -0.860
 9     0.070     0.990     0.100
 2    68.189    -3.545    58.672
 2     0.220     0.980     0.030
 2    -0.970     0.210     0.060
 2     0.060    -0.040     1.000
 3   108.543     0.431     1.149
 3    -0.410    -0.050    -0.910
 3     0.060    -1.000     0.020
 3    -0.910    -0.050     0.410
 4    95.405    19.827    -5.455
 4     0.710    -0.480    -0.520
 4     0.670     0.690     0.270
 4     0.230    -0.540     0.810
 5    94.386    21.281    25.408
 5    -0.300    -0.090    -0.950
 5     0.150     0.980    -0.140
 5     0.940    -0.190    -0.280
 6   122.059    22.941    16.696
 6     0.900    -0.190    -0.390
 6     0.400     0.010     0.920
 6    -0.170    -0.980     0.080
 7    95.252   -18.799    -7.083
 7     0.580     0.590    -0.560
 7    -0.780     0.600    -0.180
 7     0.230     0.540     0.810
 8    93.171   -24.852    23.281
 8    -0.330     0.300    -0.900
 8    -0.100     0.930     0.350
 8     0.940     0.200    -0.280
 9   119.490   -31.705    17.316
 9     0.870    -0.060    -0.500
 9    -0.490     0.110    -0.870
 9     0.100     0.990     0.070
 2    68.190    -3.590    58.672
 2     0.220     0.980     0.030
 2    -0.970     0.210     0.060
 2     0.060    -0.040     1.000
 3   108.331     0.576     1.147
 3    -0.420    -0.050    -0.910
 3     0.070    -1.000     0.020
 3    -0.900    -0.050     0.420
 4    94.846    19.729    -5.581
 4     0.720    -0.470    -0.510
 4     0.650     0.710     0.270
 4     0.230    -0.530     0.820
 5    93.616    21.042    25.396
 5    -0.300    -0.110    -0.950
 5     0.090     0.990    -0.140
 5     0.950    -0.130    -0.280
 6   121.265    24.249    16.853
 6     0.910    -0.140    -0.390
 6     0.400     0.000     0.920
 6    -0.130    -0.990     0.060
 7    94.657   -18.689    -6.991
 7     0.600     0.570    -0.560
 7    -0.760     0.620    -0.190
 7     0.240     0.540     0.810
 8    92.166   -24.472    23.342
 8    -0.310     0.310    -0.900
 8    -0.060     0.940     0.340
 8     0.950     0.160    -0.270
 9   118.272   -32.433    17.661
 9     0.870    -0.100    -0.490
 9    -0.480     0.120    -0.870
 9     0.140     0.990     0.050
 2    68.189    -3.545    58.672
 2     0.220     0.980     0.020
 2    -0.970     0.210     0.060
 2     0.060    -0.040     1.000
 3   108.174     0.718     0.984
 3    -0.440    -0.040    -0.900
 3     0.060    -1.000     0.020
 3    -0.900    -0.050     0.440
 4    94.520    19.861    -5.616
 4     0.730    -0.460    -0.500
 4     0.640     0.720     0.280
 4     0.240    -0.520     0.820
 5    93.302    20.782    25.397
 5    -0.300    -0.110    -0.950
 5     0.040     0.990    -0.130
 5     0.950    -0.070    -0.290
 6   120.666    25.645    16.660
 6     0.910    -0.090    -0.400
 6     0.410    -0.010     0.910
 6    -0.080    -1.000     0.030
 7    93.876   -18.345    -7.066
 7     0.610     0.560    -0.560
 7    -0.750     0.640    -0.170
 7     0.260     0.520     0.810
 8    91.584   -24.166    23.159
 8    -0.300     0.320    -0.900
 8    -0.010     0.940     0.350
 8     0.950     0.120    -0.280
 9   117.046   -33.680    17.457
 9     0.850    -0.170    -0.490
 9    -0.480     0.120    -0.870
 9     0.200     0.980     0.020
 2    68.189    -3.545    58.672
 2     0.220     0.980     0.020
 2    -0.970     0.210     0.060
 2     0.060    -0.040     1.000
 3   107.840     0.519     0.637
 3    -0.470    -0.040    -0.880
 3     0.040    -1.000     0.020
 3    -0.880    -0.030     0.470
 4    94.241    19.817    -5.799
 4     0.760    -0.440    -0.480
 4     0.610     0.740     0.280
 4     0.230    -0.510     0.830
 5    92.983    19.692    26.219
 5    -0.310    -0.100    -0.940
 5    -0.050     0.990    -0.090
 5     0.950     0.020    -0.310
