% Calibrated with leiden_pols
% Positions are in centimeters
Data =[
 2    68.189    -3.545    58.672
 2     0.220     0.980     0.020
 2    -0.970     0.210     0.060
 2     0.060    -0.040     1.000
 3   108.117    -0.054     0.956
 3    -0.440    -0.040    -0.900
 3     0.040    -1.000     0.020
 3    -0.900    -0.030     0.440
 4    94.435    18.969    -5.367
 4     0.700    -0.480    -0.530
 4     0.670     0.710     0.240
 4     0.260    -0.520     0.810
 5    94.155    26.986    24.927
 5    -0.200    -0.280    -0.940
 5     0.350     0.870    -0.340
 5     0.910    -0.400    -0.080
 6   113.465    37.297    45.734
 6     0.430     0.240     0.870
 6    -0.830     0.480     0.280
 6    -0.350    -0.840     0.410
 7    93.327   -18.906    -6.761
 7     0.550     0.560    -0.620
 7    -0.780     0.610    -0.140
 7     0.300     0.560     0.770
 8    94.467   -30.776    22.111
 8    -0.340     0.390    -0.860
 8    -0.370     0.780     0.500
 8     0.860     0.490    -0.120
 9   116.157   -43.213    39.907
 9     0.550    -0.250     0.800
 9     0.660     0.710    -0.230
 9    -0.510     0.660     0.550
 2    68.188    -3.544    58.629
 2     0.220     0.980     0.020
 2    -0.970     0.210     0.060
 2     0.060    -0.040     1.000
 3   108.223     0.096     0.808
 3    -0.440    -0.030    -0.900
 3     0.050    -1.000     0.010
 3    -0.900    -0.030     0.440
 4    94.293    19.195    -5.271
 4     0.690    -0.470    -0.540
 4     0.670     0.710     0.240
 4     0.270    -0.530     0.810
 5    94.927    27.532    25.019
 5    -0.230    -0.290    -0.930
 5     0.350     0.860    -0.360
 5     0.910    -0.410    -0.100
 6   115.487    37.441    44.899
 6     0.480     0.230     0.850
 6    -0.810     0.500     0.320
 6    -0.350    -0.840     0.420
 7    93.415   -18.769    -6.983
 7     0.540     0.570    -0.620
 7    -0.790     0.610    -0.130
 7     0.300     0.560     0.770
 8    94.869   -30.931    21.809
 8    -0.350     0.400    -0.850
 8    -0.370     0.770     0.510
 8     0.860     0.500    -0.130
 9   116.978   -43.468    39.197
 9     0.570    -0.250     0.790
 9     0.660     0.710    -0.250
 9    -0.490     0.660     0.570
 2    68.189    -3.545    58.672
 2     0.220     0.980     0.020
 2    -0.970     0.210     0.060
 2     0.060    -0.040     1.000
 3   108.267     0.284     0.678
 3    -0.430    -0.030    -0.900
 3     0.040    -1.000     0.010
 3    -0.900    -0.040     0.430
 4    94.476    19.335    -5.140
 4     0.690    -0.470    -0.550
 4     0.670     0.700     0.240
 4     0.270    -0.530     0.800
 5    95.203    27.501    25.058
 5    -0.240    -0.280    -0.930
 5     0.360     0.860    -0.350
 5     0.900    -0.420    -0.100
 6   116.001    37.358    44.822
 6     0.480     0.230     0.850
 6    -0.800     0.500     0.320
 6    -0.350    -0.840     0.420
 7    93.506   -18.632    -7.071
 7     0.540     0.570    -0.620
 7    -0.790     0.600    -0.130
 7     0.300     0.550     0.780
 8    95.045   -30.893    21.685
 8    -0.360     0.400    -0.850
 8    -0.370     0.770     0.520
 8     0.860     0.500    -0.130
 9   117.217   -43.234    39.009
 9     0.570    -0.250     0.780
 9     0.660     0.710    -0.250
 9    -0.490     0.660     0.570
 2    68.189    -3.545    58.672
 2     0.220     0.980     0.020
 2    -0.970     0.210     0.060
 2     0.060    -0.040     1.000
 3   108.316     0.238     0.630
 3    -0.430    -0.030    -0.900
 3     0.040    -1.000     0.010
 3    -0.900    -0.040     0.430
 4    94.524    19.289    -5.275
 4     0.690    -0.480    -0.550
 4     0.670     0.700     0.240
 4     0.270    -0.530     0.800
 5    95.477    27.946    24.464
 5    -0.230    -0.290    -0.930
 5     0.390     0.850    -0.360
 5     0.890    -0.440    -0.080
 6   116.951    37.143    44.288
 6     0.500     0.220     0.840
 6    -0.790     0.510     0.340
 6    -0.350    -0.830     0.430
 7    93.462   -18.817    -6.984
 7     0.540     0.570    -0.620
 7    -0.790     0.600    -0.130
 7     0.300     0.560     0.770
 8    95.188   -31.618    20.934
 8    -0.340     0.390    -0.860
 8    -0.420     0.750     0.510
 8     0.840     0.540    -0.090
 9   117.889   -43.306    38.585
 9     0.590    -0.230     0.770
 9     0.660     0.680    -0.300
 9    -0.460     0.690     0.560
 2    68.189    -3.545    58.672
 2     0.220     0.980     0.020
 2    -0.970     0.210     0.060
 2     0.060    -0.040     1.000
 3   108.369     0.094     0.627
 3    -0.430    -0.030    -0.900
 3     0.040    -1.000     0.010
 3    -0.900    -0.030     0.440
 4    94.480    19.010    -5.452
 4     0.690    -0.470    -0.550
 4     0.670     0.700     0.240
 4     0.270    -0.530     0.800
 5    93.968    28.511    23.838
 5    -0.160    -0.320    -0.930
 5     0.410     0.840    -0.360
 5     0.900    -0.440    -0.010
 6   114.277    38.098    44.749
 6     0.460     0.230     0.860
 6    -0.800     0.540     0.280
 6    -0.400    -0.810     0.430
 7    93.554   -18.865    -6.985
 7     0.540     0.560    -0.630
 7    -0.790     0.600    -0.140
 7     0.300     0.570     0.770
 8    93.003   -31.962    20.682
 8    -0.250     0.410    -0.880
 8    -0.460     0.750     0.480
 8     0.850     0.520    -0.000
 9   113.318   -45.127    39.717
 9     0.510    -0.260     0.820
 9     0.730     0.640    -0.250
 9    -0.460     0.720     0.510
 2    68.189    -3.545    58.672
 2     0.220     0.980     0.020
 2    -0.970     0.210     0.060
 2     0.060    -0.040     1.000
 3   108.318     0.044     0.765
 3    -0.430    -0.030    -0.900
 3     0.040    -1.000     0.010
 3    -0.900    -0.030     0.430
 4    94.663    19.248    -5.466
 4     0.710    -0.460    -0.530
 4     0.660     0.710     0.260
 4     0.260    -0.540     0.800
 5    91.055    28.915    22.892
 5    -0.010    -0.320    -0.950
 5     0.520     0.810    -0.280
 5     0.860    -0.490     0.150
 6   106.949    37.540    47.503
 6     0.290     0.220     0.930
 6    -0.810     0.570     0.120
 6    -0.510    -0.790     0.350
 7    93.605   -18.905    -6.963
 7     0.570     0.540    -0.620
 7    -0.770     0.610    -0.180
 7     0.280     0.580     0.760
 8    90.411   -31.799    19.595
 8    -0.100     0.370    -0.920
 8    -0.620     0.700     0.350
 8     0.780     0.600     0.160
 9   105.280   -43.654    43.512
 9     0.310    -0.220     0.930
 9     0.740     0.670    -0.080
 9    -0.600     0.710     0.370
 2    68.189    -3.545    58.672
 2     0.220     0.980     0.020
 2    -0.970     0.210     0.060
 2     0.060    -0.040     1.000
 3   108.369     0.091     0.806
 3    -0.430    -0.030    -0.900
 3     0.040    -1.000     0.010
 3    -0.900    -0.030     0.430
 4    94.759    19.123    -5.892
 4     0.740    -0.440    -0.500
 4     0.630     0.720     0.290
 4     0.230    -0.530     0.820
 5    87.495    29.432    21.510
 5     0.150    -0.330    -0.930
 5     0.590     0.790    -0.180
 5     0.790    -0.520     0.310
 6    98.428    37.653    48.711
 6     0.120     0.220     0.970
 6    -0.800     0.600    -0.040
 6    -0.590    -0.770     0.250
 7    94.159   -18.957    -7.081
 7     0.600     0.530    -0.600
 7    -0.760     0.610    -0.220
 7     0.250     0.590     0.770
 8    87.908   -31.572    18.498
 8     0.070     0.340    -0.940
 8    -0.720     0.660     0.190
 8     0.690     0.660     0.290
 9    97.178   -42.851    44.862
 9     0.110    -0.200     0.970
 9     0.720     0.690     0.060
 9    -0.680     0.700     0.220
 2    68.190    -3.590    58.672
 2     0.220     0.980     0.030
 2    -0.970     0.210     0.060
 2     0.060    -0.040     1.000
 3   108.318     0.234     0.854
 3    -0.430    -0.020    -0.900
 3     0.040    -1.000     0.010
 3    -0.900    -0.030     0.430
 4    94.618    19.218    -6.034
 4     0.770    -0.420    -0.480
 4     0.600     0.740     0.310
 4     0.220    -0.520     0.820
 5    85.074    29.054    20.306
 5     0.250    -0.320    -0.910
 5     0.580     0.810    -0.130
 5     0.780    -0.500     0.390
