% Calibrated with leiden_pols
% Positions are in centimeters
Data =[
 2    83.185    -4.194    58.983
 2     0.600     0.800    -0.020
 2    -0.800     0.600    -0.040
 2    -0.020     0.040     1.000
 3   122.931    -2.008     1.500
 3    -0.590    -0.070    -0.800
 3     0.050    -1.000     0.050
 3    -0.800    -0.010     0.600
 4   108.468    17.870     1.985
 4     0.590     0.730     0.340
 4    -0.770     0.380     0.520
 4     0.250    -0.560     0.790
 5   107.187    23.826    32.636
 5    -0.300    -0.270    -0.920
 5     0.230     0.910    -0.340
 5     0.930    -0.310    -0.210
 6   136.510    28.253    28.743
 6     0.970    -0.100    -0.220
 6     0.230     0.060     0.970
 6    -0.080    -0.990     0.090
 7   108.779   -21.847    -1.114
 7     0.590    -0.780     0.210
 7     0.740     0.420    -0.530
 7     0.320     0.470     0.820
 8   107.603   -32.235    28.088
 8    -0.260     0.350    -0.900
 8    -0.500     0.750     0.440
 8     0.830     0.560    -0.020
 9   137.718   -30.644    28.387
 9     0.940     0.300    -0.150
 9    -0.150    -0.010    -0.990
 9    -0.300     0.950     0.030
 2    83.185    -4.194    58.983
 2     0.600     0.800    -0.020
 2    -0.800     0.600    -0.040
 2    -0.020     0.040     1.000
 3   122.877    -2.008     1.547
 3    -0.590    -0.070    -0.800
 3     0.050    -1.000     0.050
 3    -0.800    -0.010     0.590
 4   108.468    17.870     1.985
 4     0.590     0.730     0.340
 4    -0.770     0.380     0.520
 4     0.250    -0.560     0.790
 5   107.187    23.872    32.636
 5    -0.300    -0.270    -0.920
 5     0.230     0.910    -0.340
 5     0.930    -0.310    -0.210
 6   136.519    28.262    28.680
 6     0.970    -0.100    -0.220
 6     0.230     0.060     0.970
 6    -0.090    -0.990     0.090
 7   108.779   -21.847    -1.114
 7     0.590    -0.780     0.210
 7     0.740     0.420    -0.530
 7     0.320     0.470     0.820
 8   107.603   -32.235    28.133
 8    -0.260     0.350    -0.900
 8    -0.500     0.750     0.440
 8     0.830     0.560    -0.010
 9   137.721   -30.598    28.475
 9     0.940     0.300    -0.140
 9    -0.150    -0.010    -0.990
 9    -0.300     0.950     0.030
 2    83.185    -4.194    58.983
 2     0.600     0.800    -0.020
 2    -0.800     0.600    -0.040
 2    -0.020     0.040     1.000
 3   122.877    -2.056     1.592
 3    -0.590    -0.070    -0.800
 3     0.050    -1.000     0.050
 3    -0.800    -0.010     0.590
 4   108.468    17.870     2.026
 4     0.590     0.730     0.340
 4    -0.770     0.380     0.520
 4     0.250    -0.570     0.790
 5   107.397    23.901    32.603
 5    -0.300    -0.260    -0.920
 5     0.250     0.910    -0.340
 5     0.920    -0.330    -0.210
 6   136.686    27.836    28.703
 6     0.970    -0.120    -0.220
 6     0.230     0.060     0.970
 6    -0.100    -0.990     0.090
 7   108.779   -21.847    -1.114
 7     0.590    -0.780     0.210
 7     0.740     0.420    -0.530
 7     0.320     0.470     0.820
 8   107.757   -32.191    28.158
 8    -0.260     0.350    -0.900
 8    -0.520     0.740     0.430
 8     0.820     0.580    -0.020
 9   137.783   -30.207    28.536
 9     0.940     0.310    -0.140
 9    -0.150    -0.010    -0.990
 9    -0.310     0.950     0.030
 2    83.185    -4.194    58.983
 2     0.600     0.800    -0.020
 2    -0.800     0.600    -0.040
 2    -0.020     0.040     1.000
 3   122.892    -2.100     1.602
 3    -0.590    -0.070    -0.810
 3     0.050    -1.000     0.050
 3    -0.810    -0.010     0.590
 4   108.517    17.871     2.069
 4     0.590     0.730     0.340
 4    -0.770     0.380     0.520
 4     0.250    -0.570     0.780
 5   107.448    23.854    32.691
 5    -0.300    -0.260    -0.920
 5     0.250     0.910    -0.340
 5     0.920    -0.330    -0.210
 6   136.801    27.557    28.722
 6     0.970    -0.130    -0.220
 6     0.230     0.050     0.970
 6    -0.110    -0.990     0.080
 7   108.827   -21.849    -1.070
 7     0.600    -0.770     0.210
 7     0.740     0.420    -0.530
 7     0.320     0.470     0.820
 8   107.858   -32.194    28.186
 8    -0.260     0.340    -0.900
 8    -0.520     0.730     0.430
 8     0.810     0.580    -0.020
 9   137.902   -29.919    28.595
 9     0.940     0.320    -0.140
 9    -0.140    -0.020    -0.990
 9    -0.320     0.950     0.030
 2    83.185    -4.194    58.983
 2     0.600     0.800    -0.020
 2    -0.800     0.600    -0.040
 2    -0.020     0.040     1.000
 3   122.945    -2.052     1.599
 3    -0.590    -0.070    -0.810
 3     0.050    -1.000     0.050
 3    -0.810    -0.010     0.590
 4   108.567    17.872     2.067
 4     0.590     0.730     0.340
 4    -0.760     0.380     0.520
 4     0.250    -0.570     0.780
 5   107.496    23.853    32.691
 5    -0.300    -0.260    -0.920
 5     0.250     0.910    -0.340
 5     0.920    -0.330    -0.210
 6   136.855    27.510    28.720
 6     0.970    -0.130    -0.230
 6     0.230     0.050     0.970
 6    -0.110    -0.990     0.080
 7   108.827   -21.849    -1.070
 7     0.600    -0.770     0.210
 7     0.740     0.420    -0.530
 7     0.320     0.470     0.820
 8   107.853   -32.194    28.192
 8    -0.270     0.340    -0.900
 8    -0.520     0.730     0.430
 8     0.810     0.580    -0.010
 9   137.898   -29.819    28.595
 9     0.930     0.320    -0.140
 9    -0.150    -0.020    -0.990
 9    -0.320     0.950     0.030
 2    83.185    -4.194    58.983
 2     0.600     0.800    -0.020
 2    -0.800     0.600    -0.040
 2    -0.020     0.040     1.000
 3   122.892    -2.052     1.646
 3    -0.590    -0.070    -0.810
 3     0.050    -1.000     0.050
 3    -0.810    -0.010     0.590
 4   108.567    17.872     2.110
 4     0.590     0.730     0.340
 4    -0.760     0.380     0.520
 4     0.250    -0.570     0.780
 5   107.595    23.898    32.696
 5    -0.300    -0.260    -0.920
 5     0.250     0.910    -0.340
 5     0.920    -0.340    -0.210
 6   136.919    27.469    28.655
 6     0.960    -0.130    -0.230
 6     0.230     0.050     0.970
 6    -0.120    -0.990     0.080
 7   108.827   -21.849    -1.070
 7     0.600    -0.770     0.210
 7     0.740     0.420    -0.520
 7     0.320     0.470     0.820
 8   107.855   -32.195    28.191
 8    -0.270     0.340    -0.900
 8    -0.520     0.730     0.430
 8     0.810     0.580    -0.020
 9   137.952   -29.773    28.593
 9     0.930     0.320    -0.140
 9    -0.150    -0.020    -0.990
 9    -0.320     0.950     0.030
 2    83.185    -4.194    58.983
 2     0.600     0.800    -0.020
 2    -0.800     0.600    -0.040
 2    -0.020     0.040     1.000
 3   122.892    -2.053     1.691
 3    -0.590    -0.070    -0.810
 3     0.050    -1.000     0.050
 3    -0.810    -0.010     0.590
 4   108.569    17.872     2.109
 4     0.600     0.730     0.340
 4    -0.760     0.380     0.520
 4     0.250    -0.570     0.780
 5   107.643    23.992    32.650
 5    -0.310    -0.260    -0.920
 5     0.260     0.900    -0.340
 5     0.920    -0.340    -0.210
 6   137.076    27.323    28.606
 6     0.960    -0.140    -0.230
 6     0.240     0.050     0.970
 6    -0.120    -0.990     0.080
 7   108.779   -21.895    -1.070
 7     0.600    -0.770     0.210
 7     0.740     0.420    -0.530
 7     0.320     0.470     0.820
 8   107.857   -32.196    28.235
 8    -0.270     0.340    -0.900
 8    -0.520     0.730     0.430
 8     0.810     0.580    -0.020
 9   138.005   -29.774    28.548
 9     0.930     0.330    -0.150
 9    -0.150    -0.020    -0.990
 9    -0.320     0.950     0.030
 2    83.185    -4.194    58.983
 2     0.600     0.800    -0.020
 2    -0.800     0.600    -0.040
 2    -0.020     0.040     1.000
 3   122.892    -2.005     1.691
 3    -0.590    -0.070    -0.810
 3     0.050    -1.000     0.050
 3    -0.810    -0.010     0.590
 4   108.520    17.872     2.110
 4     0.600     0.730     0.340
 4    -0.760     0.390     0.520
 4     0.250    -0.570     0.780
 5   108.126    24.921    32.252
 5    -0.310    -0.250    -0.920
 5     0.340     0.870    -0.360
 5     0.890    -0.420    -0.190
