% Calibrated with leiden_pols
% Positions are in centimeters
Data =[
 2    83.185    -4.194    58.983
 2     0.600     0.800    -0.020
 2    -0.800     0.600    -0.040
 2    -0.020     0.040     1.000
 3   120.574    -2.306     0.306
 3    -0.640    -0.060    -0.760
 3     0.020    -1.000     0.060
 3    -0.770     0.020     0.640
 4   106.176    17.630     0.658
 4     0.630     0.750     0.180
 4    -0.700     0.460     0.550
 4     0.330    -0.470     0.820
 5   107.261    24.898    31.184
 5    -0.160    -0.130    -0.980
 5     0.610     0.770    -0.200
 5     0.780    -0.630    -0.050
 6   123.837    30.636    53.293
 6     0.340     0.090     0.940
 6    -0.870     0.410     0.270
 6    -0.360    -0.910     0.210
 7   106.038   -21.909    -1.342
 7     0.630    -0.770     0.090
 7     0.660     0.470    -0.590
 7     0.420     0.430     0.800
 8   106.466   -30.875    28.952
 8    -0.140     0.170    -0.970
 8    -0.690     0.690     0.220
 8     0.710     0.700     0.020
 9   121.406   -34.325    53.019
 9     0.330     0.070     0.940
 9     0.920     0.220    -0.340
 9    -0.230     0.970     0.010
 2    83.185    -4.194    58.983
 2     0.600     0.800    -0.020
 2    -0.800     0.600    -0.040
 2    -0.020     0.040     1.000
 3   120.627    -2.307     0.303
 3    -0.640    -0.060    -0.760
 3     0.020    -1.000     0.060
 3    -0.770     0.020     0.640
 4   106.176    17.630     0.658
 4     0.630     0.750     0.180
 4    -0.700     0.460     0.550
 4     0.330    -0.470     0.820
 5   107.213    24.946    31.184
 5    -0.160    -0.130    -0.980
 5     0.610     0.770    -0.200
 5     0.780    -0.630    -0.050
 6   123.780    30.730    53.252
 6     0.340     0.090     0.940
 6    -0.870     0.410     0.270
 6    -0.360    -0.910     0.210
 7   106.087   -21.910    -1.432
 7     0.630    -0.770     0.080
 7     0.660     0.470    -0.590
 7     0.420     0.430     0.800
 8   106.514   -30.877    28.952
 8    -0.140     0.170    -0.970
 8    -0.690     0.690     0.220
 8     0.710     0.700     0.020
 9   121.459   -34.327    53.017
 9     0.330     0.070     0.940
 9     0.920     0.220    -0.340
 9    -0.230     0.970     0.010
 2    83.187    -4.195    59.026
 2     0.600     0.800    -0.020
 2    -0.800     0.600    -0.040
 2    -0.020     0.040     1.000
 3   120.982    -2.368     0.317
 3    -0.640    -0.060    -0.760
 3     0.020    -1.000     0.060
 3    -0.760     0.020     0.650
 4   106.806    17.637     0.461
 4     0.630     0.760     0.190
 4    -0.710     0.450     0.540
 4     0.320    -0.470     0.820
 5   107.310    24.993    31.137
 5    -0.160    -0.130    -0.980
 5     0.610     0.770    -0.200
 5     0.780    -0.630    -0.050
 6   123.735    30.683    53.344
 6     0.330     0.090     0.940
 6    -0.870     0.410     0.270
 6    -0.360    -0.910     0.210
 7   106.620   -21.926    -1.579
 7     0.630    -0.770     0.090
 7     0.660     0.470    -0.590
 7     0.410     0.430     0.800
 8   106.654   -30.928    28.865
 8    -0.140     0.180    -0.970
 8    -0.690     0.690     0.220
 8     0.710     0.700     0.030
 9   121.507   -34.328    52.971
 9     0.330     0.070     0.940
 9     0.920     0.220    -0.340
 9    -0.230     0.970     0.010
 2    83.185    -4.194    58.983
 2     0.600     0.800    -0.020
 2    -0.800     0.600    -0.040
 2    -0.020     0.040     1.000
 3   123.617    -1.907     0.317
 3    -0.600    -0.060    -0.790
 3     0.030    -1.000     0.050
 3    -0.800     0.000     0.600
 4   109.153    17.901     0.106
 4     0.620     0.750     0.230
 4    -0.740     0.440     0.510
 4     0.280    -0.490     0.830
 5   107.802    24.972    30.807
 5    -0.110    -0.130    -0.990
 5     0.620     0.760    -0.170
 5     0.770    -0.630    -0.010
 6   122.981    30.634    53.826
 6     0.290     0.080     0.950
 6    -0.890     0.390     0.230
 6    -0.360    -0.920     0.190
 7   109.444   -21.730    -2.126
 7     0.640    -0.760     0.120
 7     0.680     0.480    -0.560
 7     0.370     0.430     0.820
 8   108.128   -30.829    28.043
 8    -0.090     0.170    -0.980
 8    -0.710     0.680     0.180
 8     0.700     0.710     0.060
 9   121.931   -33.730    53.011
 9     0.300     0.090     0.950
 9     0.920     0.230    -0.310
 9    -0.250     0.970    -0.010
 2    83.185    -4.194    58.983
 2     0.600     0.800    -0.020
 2    -0.800     0.600    -0.040
 2    -0.020     0.040     1.000
 3   125.724    -1.643     0.268
 3    -0.570    -0.060    -0.820
 3     0.030    -1.000     0.050
 3    -0.820    -0.000     0.570
 4   111.275    18.065    -0.417
 4     0.610     0.740     0.260
 4    -0.750     0.440     0.490
 4     0.250    -0.500     0.830
 5   108.513    25.103    30.217
 5    -0.070    -0.140    -0.990
 5     0.610     0.780    -0.150
 5     0.790    -0.620     0.030
 6   122.607    31.114    53.802
 6     0.250     0.090     0.960
 6    -0.900     0.400     0.200
 6    -0.360    -0.910     0.180
 7   111.716   -21.559    -2.814
 7     0.640    -0.760     0.140
 7     0.700     0.490    -0.530
 7     0.330     0.440     0.840
 8   109.063   -30.432    27.384
 8    -0.050     0.170    -0.980
 8    -0.700     0.700     0.150
 8     0.710     0.700     0.080
 9   122.222   -33.406    52.717
 9     0.280     0.090     0.950
 9     0.930     0.200    -0.300
 9    -0.210     0.980    -0.030
 2    83.185    -4.194    58.983
 2     0.600     0.800    -0.020
 2    -0.800     0.600    -0.040
 2    -0.020     0.040     1.000
 3   127.206    -1.650     0.022
 3    -0.540    -0.060    -0.840
 3     0.030    -1.000     0.060
 3    -0.840     0.010     0.540
 4   112.870    18.079    -0.874
 4     0.610     0.740     0.280
 4    -0.760     0.450     0.480
 4     0.230    -0.500     0.830
 5   108.934    25.340    29.486
 5    -0.030    -0.150    -0.990
 5     0.600     0.790    -0.140
 5     0.800    -0.590     0.070
 6   122.263    31.926    53.375
 6     0.230     0.110     0.970
 6    -0.900     0.400     0.170
 6    -0.370    -0.910     0.190
 7   113.011   -21.599    -3.207
 7     0.630    -0.760     0.170
 7     0.710     0.480    -0.510
 7     0.310     0.440     0.840
 8   109.178   -30.005    26.962
 8    -0.010     0.160    -0.990
 8    -0.680     0.720     0.120
 8     0.730     0.670     0.110
 9   121.457   -33.332    52.698
 9     0.260     0.080     0.960
 9     0.950     0.170    -0.270
 9    -0.190     0.980    -0.030
 2    83.185    -4.194    58.983
 2     0.600     0.800    -0.020
 2    -0.800     0.600    -0.040
 2    -0.020     0.040     1.000
 3   128.408    -1.612    -0.217
 3    -0.520    -0.060    -0.850
 3     0.030    -1.000     0.060
 3    -0.850     0.010     0.520
 4   113.976    18.188    -1.193
 4     0.610     0.730     0.300
 4    -0.760     0.450     0.470
 4     0.210    -0.510     0.830
 5   109.015    25.434    28.934
 5     0.000    -0.160    -0.990
 5     0.590     0.800    -0.120
 5     0.810    -0.580     0.100
 6   121.363    32.397    53.293
 6     0.190     0.120     0.970
 6    -0.900     0.410     0.130
 6    -0.380    -0.910     0.190
 7   114.013   -21.438    -3.553
 7     0.620    -0.770     0.180
 7     0.730     0.470    -0.500
 7     0.290     0.440     0.850
 8   109.210   -29.716    26.569
 8     0.030     0.160    -0.990
 8    -0.680     0.730     0.100
 8     0.740     0.660     0.130
 9   120.470   -33.193    52.454
 9     0.230     0.080     0.970
 9     0.960     0.170    -0.240
 9    -0.180     0.980    -0.030
 2    83.184    -4.148    58.983
 2     0.600     0.800    -0.020
 2    -0.800     0.600    -0.040
 2    -0.020     0.040     1.000
 3   128.856    -1.713    -0.277
 3    -0.510    -0.070    -0.860
 3     0.020    -1.000     0.060
 3    -0.860     0.010     0.510
 4   114.430    18.099    -1.346
 4     0.610     0.740     0.300
 4    -0.770     0.450     0.460
 4     0.200    -0.510     0.840
 5   108.962    25.741    28.383
 5     0.030    -0.170    -0.980
 5     0.600     0.790    -0.120
 5     0.800    -0.580     0.120
