% Calibrated with leiden_pols
% Positions are in centimeters
Data =[
 2    83.184    -4.148    58.983
 2     0.600     0.800    -0.020
 2    -0.800     0.600    -0.040
 2    -0.020     0.040     1.000
 3   134.566    -1.229    -0.082
 3    -0.400    -0.060    -0.920
 3     0.030    -1.000     0.050
 3    -0.920    -0.000     0.400
 4   121.503    18.831    -2.202
 4     0.620     0.700     0.340
 4    -0.770     0.500     0.390
 4     0.100    -0.510     0.860
 5   118.419    23.332    29.778
 5    -0.070    -0.030    -1.000
 5     0.680     0.730    -0.070
 5     0.730    -0.680    -0.030
 6   132.117    28.860    53.094
 6     0.170     0.050     0.980
 6    -0.820     0.560     0.120
 6    -0.550    -0.830     0.140
 7   122.707   -21.704    -4.849
 7     0.680    -0.680     0.250
 7     0.710     0.560    -0.420
 7     0.150     0.470     0.870
 8   120.389   -30.042    26.410
 8    -0.080     0.100    -0.990
 8    -0.870     0.480     0.120
 8     0.490     0.870     0.050
 9   131.874   -31.468    51.456
 9     0.150     0.090     0.980
 9     0.870     0.450    -0.170
 9    -0.460     0.890    -0.010
 2    83.184    -4.148    58.983
 2     0.600     0.800    -0.020
 2    -0.800     0.600    -0.040
 2    -0.020     0.040     1.000
 3   134.621    -1.230    -0.042
 3    -0.400    -0.060    -0.920
 3     0.030    -1.000     0.050
 3    -0.920    -0.000     0.400
 4   121.501    18.783    -2.157
 4     0.620     0.700     0.340
 4    -0.780     0.500     0.390
 4     0.100    -0.510     0.860
 5   118.419    23.332    29.778
 5    -0.070    -0.030    -1.000
 5     0.680     0.730    -0.070
 5     0.730    -0.680    -0.030
 6   132.007    28.859    53.103
 6     0.170     0.050     0.980
 6    -0.820     0.560     0.120
 6    -0.550    -0.830     0.140
 7   122.605   -21.747    -4.848
 7     0.680    -0.680     0.250
 7     0.710     0.560    -0.420
 7     0.150     0.470     0.870
 8   120.340   -30.088    26.410
 8    -0.080     0.100    -0.990
 8    -0.870     0.480     0.120
 8     0.490     0.870     0.050
 9   131.870   -31.467    51.413
 9     0.150     0.090     0.980
 9     0.870     0.450    -0.170
 9    -0.460     0.890    -0.010
 2    83.184    -4.148    58.983
 2     0.600     0.800    -0.020
 2    -0.800     0.600    -0.040
 2    -0.020     0.040     1.000
 3   134.562    -1.286     0.016
 3    -0.400    -0.060    -0.920
 3     0.020    -1.000     0.060
 3    -0.920    -0.000     0.400
 4   121.449    18.783    -2.155
 4     0.620     0.700     0.340
 4    -0.780     0.500     0.390
 4     0.100    -0.510     0.860
 5   118.418    23.285    29.779
 5    -0.070    -0.040    -1.000
 5     0.680     0.730    -0.070
 5     0.730    -0.680    -0.030
 6   132.062    28.859    53.098
 6     0.170     0.050     0.980
 6    -0.820     0.560     0.120
 6    -0.550    -0.830     0.140
 7   122.606   -21.796    -4.848
 7     0.680    -0.690     0.250
 7     0.720     0.560    -0.420
 7     0.150     0.470     0.870
 8   120.284   -30.136    26.472
 8    -0.080     0.100    -0.990
 8    -0.860     0.490     0.120
 8     0.500     0.870     0.050
 9   131.870   -31.467    51.413
 9     0.150     0.090     0.980
 9     0.870     0.450    -0.180
 9    -0.460     0.890    -0.010
 2    83.184    -4.148    58.983
 2     0.600     0.800    -0.020
 2    -0.800     0.600    -0.040
 2    -0.020     0.040     1.000
 3   134.561    -1.287     0.061
 3    -0.400    -0.060    -0.920
 3     0.020    -1.000     0.060
 3    -0.920    -0.000     0.400
 4   121.449    18.735    -2.155
 4     0.620     0.700     0.340
 4    -0.780     0.500     0.390
 4     0.100    -0.510     0.860
 5   118.367    23.286    29.780
 5    -0.070    -0.040    -1.000
 5     0.680     0.730    -0.070
 5     0.730    -0.680    -0.030
 6   132.062    28.859    53.098
 6     0.170     0.050     0.980
 6    -0.820     0.560     0.110
 6    -0.550    -0.830     0.140
 7   122.555   -21.794    -4.847
 7     0.680    -0.690     0.250
 7     0.720     0.560    -0.420
 7     0.150     0.470     0.870
 8   120.285   -30.137    26.471
 8    -0.080     0.100    -0.990
 8    -0.860     0.490     0.120
 8     0.500     0.870     0.040
 9   131.869   -31.418    51.413
 9     0.150     0.090     0.980
 9     0.870     0.450    -0.180
 9    -0.460     0.890    -0.010
 2    83.184    -4.148    58.983
 2     0.600     0.800    -0.020
 2    -0.800     0.600    -0.040
 2    -0.020     0.040     1.000
 3   134.561    -1.385     0.061
 3    -0.390    -0.060    -0.920
 3     0.020    -1.000     0.060
 3    -0.920     0.000     0.400
 4   121.500    18.688    -2.156
 4     0.620     0.700     0.350
 4    -0.780     0.500     0.390
 4     0.100    -0.510     0.860
 5   118.081    23.157    29.672
 5    -0.070    -0.040    -1.000
 5     0.650     0.760    -0.070
 5     0.760    -0.650    -0.030
 6   132.020    28.884    53.153
 6     0.180     0.050     0.980
 6    -0.830     0.540     0.120
 6    -0.520    -0.840     0.140
 7   122.555   -21.794    -4.847
 7     0.680    -0.690     0.260
 7     0.720     0.560    -0.420
 7     0.150     0.470     0.870
 8   120.236   -30.135    26.472
 8    -0.080     0.100    -0.990
 8    -0.860     0.490     0.120
 8     0.500     0.870     0.040
 9   131.818   -31.369    51.459
 9     0.150     0.090     0.980
 9     0.880     0.450    -0.180
 9    -0.460     0.890    -0.010
 2    83.184    -4.148    58.983
 2     0.600     0.800    -0.020
 2    -0.800     0.600    -0.040
 2    -0.020     0.040     1.000
 3   134.671    -1.386     0.010
 3    -0.390    -0.060    -0.920
 3     0.020    -1.000     0.060
 3    -0.920     0.000     0.390
 4   121.602    18.592    -2.159
 4     0.620     0.700     0.350
 4    -0.780     0.500     0.380
 4     0.100    -0.510     0.850
 5   117.910    23.089    29.631
 5    -0.060    -0.040    -1.000
 5     0.620     0.780    -0.070
 5     0.780    -0.620    -0.020
 6   131.713    29.107    53.121
 6     0.180     0.060     0.980
 6    -0.850     0.520     0.120
 6    -0.500    -0.850     0.140
 7   122.556   -21.890    -4.847
 7     0.680    -0.690     0.260
 7     0.720     0.550    -0.420
 7     0.150     0.470     0.870
 8   119.565   -30.160    26.465
 8    -0.070     0.100    -0.990
 8    -0.850     0.510     0.110
 8     0.520     0.860     0.040
 9   131.121   -31.584    51.490
 9     0.170     0.100     0.980
 9     0.890     0.410    -0.190
 9    -0.420     0.910    -0.020
 2    83.184    -4.148    58.983
 2     0.600     0.800    -0.020
 2    -0.800     0.600    -0.040
 2    -0.020     0.040     1.000
 3   134.726    -1.437     0.051
 3    -0.390    -0.070    -0.920
 3     0.020    -1.000     0.060
 3    -0.920     0.000     0.390
 4   121.660    18.552    -2.131
 4     0.620     0.700     0.350
 4    -0.780     0.500     0.380
 4     0.090    -0.510     0.850
 5   117.426    23.009    29.531
 5    -0.050    -0.060    -1.000
 5     0.590     0.810    -0.070
 5     0.810    -0.590    -0.010
 6   130.961    29.289    53.359
 6     0.170     0.060     0.980
 6    -0.850     0.510     0.120
 6    -0.490    -0.860     0.130
 7   122.607   -21.941    -4.803
 7     0.680    -0.690     0.260
 7     0.720     0.550    -0.420
 7     0.150     0.470     0.870
 8   118.697   -30.553    26.238
 8    -0.050     0.100    -0.990
 8    -0.840     0.530     0.100
 8     0.540     0.840     0.060
 9   130.073   -31.944    51.758
 9     0.170     0.100     0.980
 9     0.910     0.370    -0.200
 9    -0.380     0.920    -0.030
 2    83.184    -4.148    58.983
 2     0.600     0.800    -0.020
 2    -0.800     0.600    -0.040
 2    -0.020     0.040     1.000
 3   134.840    -1.384     0.079
 3    -0.390    -0.070    -0.920
 3     0.030    -1.000     0.060
 3    -0.920     0.000     0.390
 4   121.814    18.504    -2.179
 4     0.620     0.700     0.350
 4    -0.780     0.490     0.380
 4     0.090    -0.510     0.850
 5   116.917    23.149    29.429
 5    -0.030    -0.060    -1.000
 5     0.570     0.820    -0.070
 5     0.820    -0.570     0.010
