% Calibrated with leiden_pols
% Positions are in centimeters
Data =[
 2    68.463    -3.883    58.757
 2     0.910     0.400    -0.070
 2    -0.400     0.910     0.040
 2     0.080    -0.000     1.000
 3   110.021    -4.326     2.352
 3    -0.620     0.040    -0.790
 3    -0.080    -1.000     0.010
 3    -0.780     0.070     0.620
 4    97.487    14.350    -3.472
 4     0.820    -0.320    -0.480
 4     0.510     0.800     0.320
 4     0.280    -0.510     0.810
 5    95.202    25.081    23.792
 5     0.000    -0.190    -0.980
 5     0.890     0.440    -0.080
 5     0.450    -0.880     0.170
 6   105.992    26.965    50.231
 6     0.120     0.030     0.990
 6    -0.610     0.790     0.040
 6    -0.780    -0.610     0.110
 7    96.679   -20.827    -4.012
 7     0.790     0.440    -0.430
 7    -0.580     0.760    -0.280
 7     0.210     0.470     0.860
 8    91.388   -32.465    22.733
 8     0.000     0.190    -0.980
 8    -0.690     0.710     0.140
 8     0.730     0.670     0.130
 9   103.155   -39.824    48.535
 9     0.230    -0.060     0.970
 9     0.690     0.720    -0.120
 9    -0.690     0.690     0.210
 2    68.462    -3.839    58.757
 2     0.910     0.410    -0.070
 2    -0.400     0.910     0.040
 2     0.080    -0.000     1.000
 3   110.083    -4.225     2.327
 3    -0.610     0.040    -0.790
 3    -0.080    -1.000     0.010
 3    -0.790     0.060     0.610
 4    97.580    14.397    -3.518
 4     0.810    -0.330    -0.480
 4     0.510     0.800     0.320
 4     0.280    -0.510     0.810
 5    95.902    25.442    23.477
 5    -0.010    -0.200    -0.980
 5     0.910     0.400    -0.080
 5     0.400    -0.900     0.180
 6   106.707    27.699    49.824
 6     0.110     0.050     0.990
 6    -0.580     0.820     0.030
 6    -0.810    -0.580     0.120
 7    96.770   -20.830    -4.010
 7     0.780     0.450    -0.430
 7    -0.590     0.760    -0.270
 7     0.210     0.470     0.860
 8    91.475   -32.560    22.641
 8     0.000     0.190    -0.980
 8    -0.690     0.710     0.140
 8     0.720     0.680     0.140
 9   103.153   -39.964    48.446
 9     0.230    -0.070     0.970
 9     0.690     0.720    -0.110
 9    -0.690     0.690     0.210
 2    68.422    -3.881    58.758
 2     0.910     0.400    -0.070
 2    -0.400     0.910     0.040
 2     0.080    -0.010     1.000
 3   110.181    -4.276     2.278
 3    -0.610     0.040    -0.790
 3    -0.080    -1.000     0.010
 3    -0.790     0.070     0.610
 4    98.004    14.447    -3.835
 4     0.800    -0.340    -0.490
 4     0.530     0.790     0.310
 4     0.280    -0.510     0.820
 5    96.654    25.755    23.072
 5    -0.000    -0.200    -0.980
 5     0.930     0.350    -0.080
 5     0.360    -0.910     0.190
 6   107.357    27.737    49.680
 6     0.100     0.050     0.990
 6    -0.540     0.840     0.010
 6    -0.840    -0.540     0.110
 7    96.864   -20.831    -4.063
 7     0.780     0.450    -0.430
 7    -0.590     0.760    -0.270
 7     0.200     0.470     0.860
 8    91.567   -32.562    22.593
 8     0.010     0.200    -0.980
 8    -0.690     0.710     0.140
 8     0.720     0.680     0.140
 9   103.191   -40.151    48.324
 9     0.230    -0.070     0.970
 9     0.690     0.710    -0.110
 9    -0.680     0.700     0.210
 2    68.463    -3.883    58.757
 2     0.910     0.400    -0.070
 2    -0.400     0.910     0.040
 2     0.080    -0.000     1.000
 3   110.282    -4.322     2.272
 3    -0.610     0.040    -0.800
 3    -0.080    -1.000     0.010
 3    -0.790     0.070     0.610
 4    98.051    14.354    -3.880
 4     0.800    -0.340    -0.490
 4     0.530     0.790     0.310
 4     0.280    -0.510     0.820
 5    96.654    25.756    23.072
 5    -0.000    -0.200    -0.980
 5     0.930     0.350    -0.070
 5     0.360    -0.920     0.190
 6   107.391    27.777    49.553
 6     0.100     0.050     0.990
 6    -0.540     0.840     0.010
 6    -0.840    -0.530     0.120
 7    96.958   -20.927    -4.148
 7     0.780     0.450    -0.430
 7    -0.580     0.760    -0.270
 7     0.210     0.470     0.860
 8    91.568   -32.610    22.637
 8     0.010     0.190    -0.980
 8    -0.690     0.710     0.140
 8     0.720     0.680     0.140
 9   103.141   -40.149    48.327
 9     0.230    -0.070     0.970
 9     0.690     0.710    -0.110
 9    -0.680     0.700     0.210
 2    68.419    -3.884    58.758
 2     0.910     0.400    -0.070
 2    -0.400     0.910     0.040
 2     0.080    -0.000     1.000
 3   110.430    -4.322     2.218
 3    -0.600     0.040    -0.800
 3    -0.080    -1.000     0.010
 3    -0.790     0.070     0.600
 4    98.099    14.354    -3.925
 4     0.800    -0.340    -0.490
 4     0.530     0.790     0.310
 4     0.280    -0.500     0.820
 5    96.418    25.709    22.988
 5     0.010    -0.200    -0.980
 5     0.930     0.360    -0.060
 5     0.360    -0.910     0.190
 6   106.824    27.726    49.468
 6     0.090     0.050     0.990
 6    -0.540     0.840     0.010
 6    -0.840    -0.540     0.110
 7    97.097   -20.931    -4.109
 7     0.780     0.450    -0.430
 7    -0.590     0.760    -0.270
 7     0.200     0.470     0.860
 8    91.657   -32.612    22.593
 8     0.010     0.190    -0.980
 8    -0.690     0.710     0.130
 8     0.720     0.680     0.140
 9   103.144   -40.150    48.371
 9     0.230    -0.070     0.970
 9     0.690     0.710    -0.110
 9    -0.680     0.700     0.210
 2    68.463    -3.883    58.757
 2     0.910     0.400    -0.070
 2    -0.400     0.910     0.040
 2     0.080    -0.000     1.000
 3   110.430    -4.322     2.218
 3    -0.600     0.040    -0.800
 3    -0.080    -1.000     0.010
 3    -0.790     0.070     0.600
 4    98.147    14.355    -4.015
 4     0.800    -0.340    -0.490
 4     0.530     0.790     0.300
 4     0.280    -0.500     0.820
 5    96.746    25.903    22.883
 5     0.000    -0.210    -0.980
 5     0.940     0.340    -0.070
 5     0.350    -0.920     0.190
 6   107.174    27.923    49.343
 6     0.100     0.060     0.990
 6    -0.530     0.850     0.000
 6    -0.840    -0.530     0.110
 7    97.143   -20.978    -4.201
 7     0.780     0.450    -0.430
 7    -0.590     0.760    -0.280
 7     0.200     0.470     0.860
 8    91.746   -32.615    22.549
 8     0.010     0.190    -0.980
 8    -0.700     0.700     0.130
 8     0.720     0.680     0.140
 9   103.137   -40.153    48.328
 9     0.220    -0.070     0.970
 9     0.700     0.710    -0.110
 9    -0.680     0.700     0.210
 2    68.463    -3.883    58.757
 2     0.910     0.400    -0.070
 2    -0.400     0.910     0.040
 2     0.080    -0.000     1.000
 3   110.443    -4.319     2.198
 3    -0.600     0.040    -0.800
 3    -0.080    -1.000     0.010
 3    -0.800     0.070     0.600
 4    98.241    14.308    -4.061
 4     0.800    -0.350    -0.490
 4     0.530     0.790     0.300
 4     0.280    -0.500     0.820
 5    96.983    26.003    22.871
 5    -0.000    -0.210    -0.980
 5     0.940     0.330    -0.070
 5     0.340    -0.920     0.200
 6   107.682    28.076    49.156
 6     0.100     0.060     0.990
 6    -0.520     0.850     0.000
 6    -0.850    -0.520     0.120
 7    97.190   -20.979    -4.245
 7     0.780     0.450    -0.430
 7    -0.590     0.760    -0.280
 7     0.200     0.470     0.860
 8    91.520   -32.650    22.419
 8     0.010     0.190    -0.980
 8    -0.690     0.710     0.130
 8     0.730     0.670     0.140
 9   102.835   -40.331    48.255
 9     0.220    -0.070     0.970
 9     0.700     0.700    -0.110
 9    -0.680     0.710     0.210
 2    68.419    -3.884    58.758
 2     0.910     0.400    -0.070
 2    -0.400     0.910     0.040
 2     0.080    -0.000     1.000
 3   110.443    -4.414     2.109
 3    -0.600     0.040    -0.800
 3    -0.080    -1.000     0.020
 3    -0.800     0.070     0.600
 4    98.335    14.261    -4.062
 4     0.800    -0.350    -0.490
 4     0.530     0.790     0.300
 4     0.280    -0.500     0.820
 5    96.603    26.063    22.509
 5     0.020    -0.220    -0.980
 5     0.950     0.320    -0.050
 5     0.320    -0.920     0.210
