% Calibrated with leiden_pols
% Positions are in centimeters
Data =[
 2    68.027    -3.577    58.214
 2     1.000    -0.020    -0.070
 2     0.030     1.000     0.030
 2     0.070    -0.030     1.000
 3   101.059    -1.697    -1.502
 3    -0.520    -0.070    -0.850
 3    -0.050    -0.990     0.110
 3    -0.850     0.100     0.520
 4    89.655    16.924    -6.771
 4     0.780    -0.300    -0.550
 4     0.490     0.840     0.230
 4     0.390    -0.450     0.800
 5    79.853    30.448    15.132
 5     0.280    -0.370    -0.890
 5     0.790     0.620    -0.010
 5     0.550    -0.690     0.460
 6    91.709    32.191    43.394
 6     0.220     0.080     0.970
 6    -0.160     0.990    -0.050
 6    -0.960    -0.140     0.230
 7    89.447   -19.958    -7.238
 7     0.670     0.360    -0.650
 7    -0.580     0.800    -0.160
 7     0.460     0.480     0.740
 8    80.997   -32.351    16.468
 8     0.240     0.250    -0.940
 8    -0.850     0.520    -0.080
 8     0.470     0.820     0.340
 9    89.301   -32.935    43.931
 9     0.120     0.070     0.990
 9     0.300     0.950    -0.110
 9    -0.950     0.310     0.090
 2    68.027    -3.577    58.214
 2     1.000    -0.020    -0.070
 2     0.030     1.000     0.030
 2     0.070    -0.030     1.000
 3   101.202    -1.696    -1.600
 3    -0.520    -0.080    -0.850
 3    -0.050    -0.990     0.120
 3    -0.850     0.100     0.510
 4    89.793    16.880    -6.952
 4     0.780    -0.310    -0.540
 4     0.500     0.840     0.230
 4     0.390    -0.450     0.810
 5    80.153    30.687    14.681
 5     0.280    -0.380    -0.880
 5     0.790     0.610    -0.020
 5     0.550    -0.690     0.470
 6    91.781    32.667    42.978
 6     0.220     0.090     0.970
 6    -0.150     0.990    -0.060
 6    -0.960    -0.140     0.230
 7    89.537   -20.006    -7.329
 7     0.670     0.360    -0.650
 7    -0.580     0.800    -0.160
 7     0.460     0.490     0.740
 8    81.123   -32.402    16.378
 8     0.240     0.250    -0.940
 8    -0.850     0.510    -0.080
 8     0.460     0.820     0.340
 9    89.299   -32.981    43.885
 9     0.120     0.070     0.990
 9     0.300     0.950    -0.110
 9    -0.950     0.310     0.090
 2    68.029    -3.579    58.302
 2     1.000    -0.020    -0.070
 2     0.030     1.000     0.030
 2     0.070    -0.030     1.000
 3   101.392    -1.744    -1.790
 3    -0.520    -0.080    -0.850
 3    -0.050    -0.990     0.120
 3    -0.850     0.110     0.510
 4    89.929    16.887    -7.227
 4     0.780    -0.320    -0.540
 4     0.500     0.840     0.220
 4     0.380    -0.440     0.810
 5    80.192    30.781    14.369
 5     0.280    -0.390    -0.880
 5     0.790     0.610    -0.020
 5     0.550    -0.690     0.480
 6    91.811    32.906    42.711
 6     0.210     0.090     0.970
 6    -0.150     0.990    -0.060
 6    -0.960    -0.140     0.230
 7    89.626   -20.008    -7.328
 7     0.670     0.350    -0.650
 7    -0.580     0.800    -0.170
 7     0.460     0.490     0.740
 8    81.078   -32.446    16.287
 8     0.240     0.250    -0.940
 8    -0.850     0.510    -0.080
 8     0.460     0.820     0.340
 9    89.193   -32.990    43.885
 9     0.110     0.080     0.990
 9     0.300     0.950    -0.110
 9    -0.950     0.310     0.080
 2    68.027    -3.577    58.214
 2     1.000    -0.020    -0.070
 2     0.030     1.000     0.030
 2     0.070    -0.030     1.000
 3   101.488    -1.791    -1.885
 3    -0.520    -0.080    -0.850
 3    -0.050    -0.990     0.130
 3    -0.850     0.110     0.510
 4    90.158    16.890    -7.499
 4     0.780    -0.330    -0.540
 4     0.500     0.840     0.220
 4     0.380    -0.440     0.820
 5    80.095    30.659    13.783
 5     0.300    -0.380    -0.880
 5     0.800     0.600     0.010
 5     0.520    -0.700     0.480
 6    90.859    32.673    42.511
 6     0.190     0.090     0.980
 6    -0.160     0.980    -0.060
 6    -0.970    -0.150     0.200
 7    89.806   -20.148    -7.561
 7     0.680     0.350    -0.640
 7    -0.580     0.790    -0.180
 7     0.450     0.500     0.740
 8    80.763   -32.522    15.693
 8     0.270     0.250    -0.930
 8    -0.860     0.500    -0.110
 8     0.440     0.830     0.350
 9    87.709   -32.765    43.675
 9     0.070     0.080     0.990
 9     0.280     0.950    -0.100
 9    -0.960     0.290     0.050
 2    68.028    -3.578    58.258
 2     1.000    -0.020    -0.070
 2     0.030     1.000     0.030
 2     0.070    -0.030     1.000
 3   101.633    -1.836    -1.938
 3    -0.530    -0.080    -0.850
 3    -0.050    -0.990     0.130
 3    -0.850     0.110     0.520
 4    90.428    16.764    -7.605
 4     0.800    -0.330    -0.510
 4     0.490     0.840     0.240
 4     0.350    -0.440     0.830
 5    79.011    29.872    13.159
 5     0.380    -0.340    -0.860
 5     0.790     0.610     0.100
 5     0.490    -0.710     0.500
 6    86.409    31.488    43.436
 6     0.070     0.090     0.990
 6    -0.160     0.980    -0.080
 6    -0.980    -0.150     0.090
 7    90.429   -20.296    -7.768
 7     0.710     0.340    -0.610
 7    -0.580     0.790    -0.230
 7     0.400     0.510     0.760
 8    79.655   -32.702    14.360
 8     0.360     0.240    -0.900
 8    -0.850     0.490    -0.210
 8     0.390     0.840     0.380
 9    82.830   -32.736    43.118
 9    -0.050     0.080     1.000
 9     0.220     0.970    -0.070
 9    -0.970     0.210    -0.070
 2    68.071    -3.578    58.256
 2     1.000    -0.020    -0.070
 2     0.030     1.000     0.030
 2     0.070    -0.030     1.000
 3   101.778    -1.930    -2.036
 3    -0.530    -0.080    -0.840
 3    -0.050    -0.990     0.130
 3    -0.850     0.110     0.520
 4    91.018    16.600    -7.810
 4     0.810    -0.330    -0.470
 4     0.490     0.830     0.260
 4     0.310    -0.440     0.840
 5    78.209    29.563    11.813
 5     0.460    -0.330    -0.820
 5     0.770     0.600     0.200
 5     0.430    -0.730     0.530
 6    82.093    31.113    43.170
 6    -0.040     0.100     0.990
 6    -0.150     0.980    -0.100
 6    -0.990    -0.150    -0.030
 7    90.926   -20.438    -7.799
 7     0.740     0.330    -0.580
 7    -0.560     0.780    -0.280
 7     0.360     0.540     0.760
 8    78.634   -32.660    13.208
 8     0.450     0.230    -0.860
 8    -0.830     0.470    -0.300
 8     0.330     0.850     0.400
 9    78.227   -32.190    42.326
 9    -0.150     0.090     0.980
 9     0.150     0.990    -0.070
 9    -0.980     0.140    -0.160
 2    68.071    -3.578    58.256
 2     1.000    -0.020    -0.070
 2     0.030     1.000     0.030
 2     0.070    -0.030     1.000
 3   102.023    -2.068    -1.961
 3    -0.530    -0.080    -0.850
 3    -0.050    -0.990     0.130
 3    -0.850     0.110     0.520
 4    91.705    16.344    -8.196
 4     0.830    -0.340    -0.430
 4     0.480     0.830     0.270
 4     0.270    -0.430     0.860
 5    77.544    29.205    10.112
 5     0.540    -0.310    -0.780
 5     0.750     0.600     0.280
 5     0.380    -0.730     0.560
 6    77.887    31.450    42.295
 6    -0.170     0.120     0.980
 6    -0.130     0.980    -0.150
 6    -0.980    -0.150    -0.150
 7    91.424   -20.535    -8.002
 7     0.780     0.310    -0.550
 7    -0.540     0.780    -0.320
 7     0.330     0.540     0.770
 8    77.754   -32.435    12.017
 8     0.520     0.220    -0.830
 8    -0.800     0.460    -0.380
 8     0.300     0.860     0.410
 9    73.968   -31.820    41.095
 9    -0.250     0.080     0.960
 9     0.100     0.990    -0.060
 9    -0.960     0.090    -0.260
 2    68.071    -3.578    58.256
 2     1.000    -0.020    -0.070
 2     0.030     1.000     0.030
 2     0.070    -0.030     1.000
 3   102.476    -2.391    -1.919
 3    -0.510    -0.090    -0.860
 3    -0.050    -0.990     0.130
 3    -0.860     0.110     0.500
 4    92.307    15.900    -8.671
 4     0.870    -0.330    -0.370
 4     0.450     0.850     0.270
 4     0.230    -0.400     0.890
 5    76.682    28.558     8.191
 5     0.620    -0.310    -0.720
 5     0.700     0.620     0.340
 5     0.350    -0.720     0.600
