% Calibrated with leiden_pols
% Positions are in centimeters
Data =[
 2    83.174    -4.197    58.896
 2     0.600     0.790    -0.060
 2    -0.800     0.600    -0.020
 2     0.020     0.060     1.000
 3   126.217    -1.916    -2.096
 3    -0.200    -0.160    -0.970
 3     0.100    -0.990     0.140
 3    -0.970    -0.070     0.210
 4   114.847    18.815    -8.172
 4     0.730     0.590     0.350
 4    -0.680     0.600     0.420
 4     0.040    -0.540     0.840
 5   113.575    23.717    20.776
 5    -0.230    -0.110    -0.970
 5     0.680     0.700    -0.240
 5     0.700    -0.710    -0.090
 6   130.084    29.495    42.996
 6     0.520    -0.060     0.850
 6    -0.830     0.220     0.520
 6    -0.220    -0.970     0.070
 7   110.012   -20.011   -10.140
 7     0.510    -0.840     0.200
 7     0.780     0.340    -0.530
 7     0.370     0.430     0.820
 8   113.181   -27.969    19.963
 8    -0.320     0.030    -0.950
 8    -0.710     0.650     0.260
 8     0.620     0.760    -0.180
 9   128.113   -31.785    42.074
 9     0.390     0.060     0.920
 9     0.910     0.100    -0.400
 9    -0.110     0.990    -0.010
 2    83.220    -4.196    58.894
 2     0.600     0.790    -0.060
 2    -0.800     0.600    -0.020
 2     0.020     0.060     1.000
 3   126.165    -1.867    -2.092
 3    -0.200    -0.160    -0.970
 3     0.100    -0.990     0.140
 3    -0.970    -0.070     0.220
 4   114.847    18.862    -8.172
 4     0.730     0.590     0.350
 4    -0.680     0.600     0.420
 4     0.040    -0.540     0.840
 5   113.573    23.717    20.732
 5    -0.230    -0.110    -0.970
 5     0.680     0.700    -0.240
 5     0.700    -0.710    -0.090
 6   129.973    29.543    42.958
 6     0.520    -0.060     0.850
 6    -0.830     0.220     0.520
 6    -0.220    -0.970     0.070
 7   110.012   -20.011   -10.140
 7     0.510    -0.840     0.210
 7     0.780     0.340    -0.530
 7     0.370     0.430     0.820
 8   113.183   -28.018    20.007
 8    -0.320     0.030    -0.950
 8    -0.710     0.650     0.260
 8     0.620     0.760    -0.180
 9   128.059   -31.878    42.033
 9     0.390     0.060     0.920
 9     0.910     0.100    -0.400
 9    -0.110     0.990    -0.010
 2    83.174    -4.197    58.896
 2     0.600     0.790    -0.060
 2    -0.800     0.600    -0.020
 2     0.020     0.060     1.000
 3   126.110    -1.866    -2.089
 3    -0.200    -0.150    -0.970
 3     0.100    -0.990     0.140
 3    -0.970    -0.070     0.210
 4   114.848    18.862    -8.217
 4     0.730     0.590     0.350
 4    -0.680     0.600     0.420
 4     0.040    -0.540     0.840
 5   113.575    23.717    20.776
 5    -0.230    -0.110    -0.970
 5     0.680     0.700    -0.240
 5     0.700    -0.710    -0.090
 6   130.033    29.447    43.043
 6     0.520    -0.060     0.850
 6    -0.830     0.220     0.520
 6    -0.220    -0.970     0.070
 7   110.012   -20.011   -10.140
 7     0.510    -0.840     0.210
 7     0.780     0.340    -0.530
 7     0.370     0.430     0.820
 8   113.181   -27.969    19.963
 8    -0.320     0.030    -0.950
 8    -0.710     0.650     0.260
 8     0.620     0.760    -0.180
 9   128.059   -31.878    42.033
 9     0.390     0.060     0.920
 9     0.910     0.100    -0.400
 9    -0.110     0.990    -0.010
 2    83.174    -4.197    58.896
 2     0.600     0.790    -0.060
 2    -0.800     0.600    -0.020
 2     0.020     0.060     1.000
 3   126.163    -1.866    -2.093
 3    -0.200    -0.150    -0.970
 3     0.100    -0.990     0.140
 3    -0.970    -0.070     0.210
 4   114.853    18.821    -8.230
 4     0.730     0.590     0.350
 4    -0.680     0.600     0.420
 4     0.030    -0.540     0.840
 5   113.767    23.890    20.750
 5    -0.240    -0.120    -0.960
 5     0.670     0.700    -0.250
 5     0.710    -0.700    -0.090
 6   130.291    29.641    42.850
 6     0.520    -0.060     0.850
 6    -0.820     0.220     0.520
 6    -0.220    -0.970     0.070
 7   110.061   -20.013   -10.185
 7     0.510    -0.830     0.200
 7     0.780     0.350    -0.530
 7     0.370     0.430     0.830
 8   113.473   -28.457    19.803
 8    -0.330     0.050    -0.940
 8    -0.710     0.650     0.280
 8     0.630     0.760    -0.180
 9   129.355   -32.532    41.228
 9     0.410     0.070     0.910
 9     0.900     0.140    -0.420
 9    -0.160     0.990    -0.010
 2    83.174    -4.197    58.896
 2     0.600     0.790    -0.060
 2    -0.800     0.600    -0.020
 2     0.020     0.060     1.000
 3   126.163    -1.915    -2.092
 3    -0.200    -0.150    -0.970
 3     0.100    -0.990     0.140
 3    -0.970    -0.070     0.210
 4   114.903    18.773    -8.276
 4     0.730     0.580     0.350
 4    -0.680     0.600     0.420
 4     0.030    -0.540     0.840
 5   114.311    24.263    20.354
 5    -0.250    -0.140    -0.960
 5     0.660     0.700    -0.270
 5     0.710    -0.700    -0.080
 6   131.853    30.591    42.120
 6     0.560    -0.050     0.830
 6    -0.800     0.210     0.560
 6    -0.200    -0.980     0.080
 7   110.109   -20.015   -10.097
 7     0.520    -0.830     0.210
 7     0.770     0.350    -0.530
 7     0.370     0.430     0.820
 8   114.116   -29.237    19.348
 8    -0.340     0.070    -0.940
 8    -0.710     0.640     0.300
 8     0.620     0.770    -0.160
 9   130.667   -33.200    40.852
 9     0.440     0.070     0.900
 9     0.880     0.180    -0.440
 9    -0.190     0.980     0.010
 2    83.174    -4.197    58.896
 2     0.600     0.790    -0.060
 2    -0.800     0.600    -0.020
 2     0.020     0.060     1.000
 3   126.163    -1.964    -2.047
 3    -0.200    -0.150    -0.970
 3     0.100    -0.990     0.140
 3    -0.970    -0.070     0.210
 4   115.006    18.633    -8.325
 4     0.740     0.580     0.340
 4    -0.670     0.610     0.430
 4     0.030    -0.550     0.840
 5   115.098    25.034    19.762
 5    -0.230    -0.150    -0.960
 5     0.710     0.650    -0.270
 5     0.660    -0.750    -0.050
 6   133.007    30.995    41.196
 6     0.580    -0.050     0.820
 6    -0.790     0.240     0.570
 6    -0.220    -0.970     0.100
 7   110.408   -20.210    -9.933
 7     0.530    -0.820     0.210
 7     0.760     0.350    -0.540
 7     0.360     0.450     0.820
 8   114.834   -30.018    19.221
 8    -0.330     0.080    -0.940
 8    -0.730     0.610     0.300
 8     0.600     0.790    -0.140
 9   131.484   -33.563    40.560
 9     0.450     0.070     0.890
 9     0.870     0.190    -0.450
 9    -0.210     0.980     0.020
 2    83.220    -4.196    58.894
 2     0.600     0.790    -0.060
 2    -0.800     0.600    -0.020
 2     0.020     0.060     1.000
 3   126.217    -1.965    -2.007
 3    -0.200    -0.160    -0.970
 3     0.100    -0.990     0.140
 3    -0.970    -0.070     0.210
 4   115.108    18.491    -8.371
 4     0.740     0.580     0.350
 4    -0.670     0.610     0.420
 4     0.030    -0.550     0.840
 5   114.186    25.053    19.923
 5    -0.220    -0.160    -0.960
 5     0.690     0.670    -0.270
 5     0.690    -0.720    -0.030
 6   132.187    31.621    41.524
 6     0.550    -0.050     0.830
 6    -0.800     0.250     0.550
 6    -0.230    -0.970     0.100
 7   110.653   -20.268    -9.709
 7     0.530    -0.810     0.220
 7     0.770     0.350    -0.540
 7     0.360     0.460     0.810
 8   114.742   -29.870    19.391
 8    -0.310     0.080    -0.950
 8    -0.740     0.610     0.300
 8     0.600     0.790    -0.130
 9   130.964   -33.558    40.999
 9     0.430     0.070     0.900
 9     0.880     0.190    -0.430
 9    -0.200     0.980     0.020
 2    83.174    -4.197    58.896
 2     0.600     0.790    -0.060
 2    -0.800     0.600    -0.020
 2     0.020     0.060     1.000
 3   126.429    -2.044    -2.122
 3    -0.190    -0.150    -0.970
 3     0.100    -0.990     0.140
 3    -0.980    -0.070     0.210
 4   115.411    18.307    -8.476
 4     0.730     0.590     0.360
 4    -0.690     0.600     0.410
 4     0.020    -0.550     0.840
 5   113.239    25.150    19.903
 5    -0.190    -0.180    -0.970
 5     0.690     0.680    -0.260
 5     0.700    -0.710    -0.010
