% Calibrated with leiden_pols
% Positions are in centimeters
Data =[
 2    67.466    -1.748    58.872
 2     0.560     0.830    -0.050
 2    -0.830     0.560     0.060
 2     0.080     0.010     1.000
 3   105.990     1.777     0.097
 3    -0.310     0.010    -0.950
 3     0.040    -1.000    -0.030
 3    -0.950    -0.050     0.310
 4    88.376    16.537    -7.557
 4     0.830    -0.120    -0.540
 4     0.250     0.950     0.170
 4     0.500    -0.280     0.820
 5    81.160    29.697    17.753
 5     0.080    -0.500    -0.860
 5     0.470     0.780    -0.410
 5     0.880    -0.380     0.300
 6    92.750    38.283    43.441
 6     0.270     0.050     0.960
 6    -0.940     0.220     0.250
 6    -0.200    -0.970     0.110
 7    89.013   -14.769    -9.154
 7     0.790     0.140    -0.590
 7    -0.250     0.960    -0.110
 7     0.560     0.230     0.800
 8    82.662   -30.003    14.395
 8     0.040     0.460    -0.890
 8    -0.670     0.670     0.320
 8     0.740     0.590     0.330
 9    96.531   -39.603    38.110
 9     0.390    -0.070     0.920
 9     0.780     0.560    -0.280
 9    -0.490     0.820     0.280
 2    67.466    -1.748    58.872
 2     0.560     0.830    -0.050
 2    -0.830     0.560     0.060
 2     0.080     0.010     1.000
 3   105.990     1.729     0.097
 3    -0.310     0.010    -0.950
 3     0.040    -1.000    -0.030
 3    -0.950    -0.050     0.310
 4    88.421    16.491    -7.557
 4     0.830    -0.120    -0.540
 4     0.250     0.950     0.170
 4     0.500    -0.280     0.820
 5    81.159    29.697    17.749
 5     0.080    -0.500    -0.860
 5     0.470     0.780    -0.410
 5     0.880    -0.380     0.290
 6    92.796    38.285    43.394
 6     0.270     0.050     0.960
 6    -0.940     0.220     0.260
 6    -0.200    -0.970     0.110
 7    88.925   -14.813    -9.155
 7     0.790     0.140    -0.590
 7    -0.250     0.960    -0.110
 7     0.560     0.230     0.800
 8    82.575   -29.955    14.395
 8     0.040     0.460    -0.890
 8    -0.670     0.670     0.320
 8     0.740     0.580     0.330
 9    96.390   -39.602    38.202
 9     0.390    -0.070     0.920
 9     0.780     0.560    -0.280
 9    -0.490     0.830     0.270
 2    67.465    -1.702    58.872
 2     0.560     0.830    -0.050
 2    -0.830     0.560     0.060
 2     0.080     0.010     1.000
 3   105.941     1.729     0.100
 3    -0.310     0.010    -0.950
 3     0.040    -1.000    -0.030
 3    -0.950    -0.050     0.310
 4    88.418    16.541    -7.562
 4     0.830    -0.120    -0.540
 4     0.250     0.950     0.170
 4     0.490    -0.280     0.820
 5    81.161    29.650    17.794
 5     0.080    -0.500    -0.860
 5     0.470     0.780    -0.410
 5     0.880    -0.380     0.290
 6    92.796    38.285    43.394
 6     0.270     0.050     0.960
 6    -0.940     0.220     0.260
 6    -0.200    -0.970     0.110
 7    89.013   -14.816    -9.109
 7     0.790     0.140    -0.590
 7    -0.250     0.960    -0.110
 7     0.560     0.230     0.800
 8    82.619   -29.957    14.441
 8     0.040     0.460    -0.890
 8    -0.670     0.670     0.310
 8     0.740     0.580     0.330
 9    96.439   -39.604    38.200
 9     0.390    -0.070     0.920
 9     0.780     0.560    -0.280
 9    -0.490     0.830     0.270
 2    67.465    -1.702    58.872
 2     0.560     0.830    -0.050
 2    -0.830     0.560     0.060
 2     0.080     0.010     1.000
 3   105.990     1.776     0.143
 3    -0.310     0.010    -0.950
 3     0.040    -1.000    -0.030
 3    -0.950    -0.050     0.310
 4    88.462    16.588    -7.562
 4     0.830    -0.120    -0.540
 4     0.250     0.950     0.170
 4     0.490    -0.280     0.820
 5    81.205    29.651    17.795
 5     0.080    -0.500    -0.870
 5     0.470     0.780    -0.410
 5     0.880    -0.380     0.290
 6    92.894    38.242    43.388
 6     0.280     0.050     0.960
 6    -0.940     0.220     0.260
 6    -0.200    -0.970     0.110
 7    89.056   -14.815    -9.158
 7     0.790     0.140    -0.590
 7    -0.250     0.960    -0.100
 7     0.550     0.230     0.800
 8    82.703   -30.004    14.308
 8     0.040     0.460    -0.890
 8    -0.670     0.670     0.320
 8     0.740     0.590     0.340
 9    96.535   -39.607    38.097
 9     0.390    -0.070     0.920
 9     0.780     0.560    -0.280
 9    -0.500     0.820     0.270
 2    67.466    -1.748    58.872
 2     0.560     0.830    -0.050
 2    -0.830     0.560     0.060
 2     0.080     0.010     1.000
 3   105.990     1.777     0.097
 3    -0.310     0.010    -0.950
 3     0.040    -1.000    -0.030
 3    -0.950    -0.050     0.300
 4    88.417    16.588    -7.562
 4     0.830    -0.120    -0.540
 4     0.250     0.950     0.170
 4     0.490    -0.280     0.820
 5    81.337    29.560    17.891
 5     0.070    -0.490    -0.870
 5     0.470     0.780    -0.410
 5     0.880    -0.380     0.290
 6    93.093    38.063    43.467
 6     0.280     0.050     0.960
 6    -0.940     0.220     0.260
 6    -0.200    -0.970     0.110
 7    89.010   -14.768    -9.249
 7     0.790     0.150    -0.590
 7    -0.260     0.960    -0.100
 7     0.550     0.230     0.800
 8    82.790   -30.007    14.308
 8     0.040     0.460    -0.890
 8    -0.680     0.670     0.320
 8     0.740     0.590     0.330
 9    96.631   -39.560    38.051
 9     0.390    -0.070     0.920
 9     0.770     0.570    -0.290
 9    -0.500     0.820     0.280
 2    67.466    -1.748    58.872
 2     0.560     0.830    -0.050
 2    -0.830     0.560     0.060
 2     0.080     0.010     1.000
 3   105.990     1.777     0.097
 3    -0.310     0.020    -0.950
 3     0.040    -1.000    -0.030
 3    -0.950    -0.050     0.310
 4    88.416    16.633    -7.562
 4     0.830    -0.120    -0.540
 4     0.250     0.950     0.170
 4     0.490    -0.280     0.820
 5    81.336    29.606    17.936
 5     0.070    -0.490    -0.870
 5     0.470     0.780    -0.410
 5     0.880    -0.380     0.290
 6    93.140    38.112    43.464
 6     0.280     0.050     0.960
 6    -0.940     0.220     0.260
 6    -0.200    -0.970     0.110
 7    89.057   -14.771    -9.243
 7     0.790     0.150    -0.590
 7    -0.260     0.960    -0.100
 7     0.560     0.230     0.800
 8    82.831   -30.056    14.268
 8     0.030     0.460    -0.890
 8    -0.680     0.660     0.320
 8     0.740     0.590     0.330
 9    96.819   -39.610    37.910
 9     0.390    -0.070     0.920
 9     0.770     0.570    -0.290
 9    -0.500     0.820     0.280
 2    67.466    -1.748    58.872
 2     0.560     0.830    -0.050
 2    -0.830     0.560     0.060
 2     0.080     0.010     1.000
 3   105.941     1.825     0.100
 3    -0.310     0.020    -0.950
 3     0.040    -1.000    -0.030
 3    -0.950    -0.050     0.310
 4    88.330    16.583    -7.512
 4     0.830    -0.120    -0.540
 4     0.250     0.950     0.170
 4     0.500    -0.280     0.820
 5    81.296    29.467    18.158
 5     0.070    -0.490    -0.870
 5     0.460     0.790    -0.410
 5     0.880    -0.370     0.280
 6    93.244    37.972    43.593
 6     0.290     0.050     0.960
 6    -0.940     0.210     0.270
 6    -0.190    -0.980     0.110
 7    89.013   -14.724    -9.244
 7     0.790     0.150    -0.600
 7    -0.260     0.960    -0.100
 7     0.560     0.230     0.800
 8    82.831   -30.103    14.267
 8     0.030     0.460    -0.890
 8    -0.670     0.660     0.320
 8     0.740     0.590     0.330
 9    96.866   -39.659    37.862
 9     0.390    -0.070     0.920
 9     0.770     0.570    -0.290
 9    -0.500     0.820     0.280
 2    67.465    -1.702    58.872
 2     0.560     0.830    -0.050
 2    -0.830     0.560     0.060
 2     0.080     0.010     1.000
 3   105.941     1.825     0.100
 3    -0.310     0.020    -0.950
 3     0.040    -1.000    -0.030
 3    -0.950    -0.050     0.310
 4    88.509    16.677    -7.694
 4     0.830    -0.120    -0.550
 4     0.260     0.950     0.170
 4     0.500    -0.290     0.820
 5    81.602    29.162    17.890
 5     0.080    -0.470    -0.880
 5     0.490     0.790    -0.370
 5     0.870    -0.400     0.290
