% Calibrated with leiden_pols
% Positions are in centimeters
Data =[
 2    65.908    -3.498    58.574
 2     0.950     0.310    -0.070
 2    -0.310     0.950     0.020
 2     0.070     0.000     1.000
 3   111.234    -3.445     6.404
 3    -0.400    -0.090    -0.910
 3    -0.050    -0.990     0.120
 3    -0.920     0.100     0.390
 4   100.237    15.230    -0.936
 4     0.850     0.510    -0.090
 4    -0.350     0.700     0.630
 4     0.390    -0.500     0.770
 5    98.432    19.510    24.775
 5    -0.200    -0.210    -0.960
 5     0.610     0.740    -0.290
 5     0.770    -0.640    -0.020
 6   112.346    26.727    44.956
 6     0.350     0.210     0.910
 6    -0.830     0.510     0.200
 6    -0.430    -0.830     0.360
 7    97.814   -19.846    -1.247
 7     0.860    -0.240    -0.450
 7    -0.080     0.810    -0.590
 7     0.500     0.540     0.670
 8    97.067   -25.242    24.747
 8    -0.190     0.150    -0.970
 8    -0.530     0.820     0.230
 8     0.830     0.550    -0.080
 9   111.128   -32.638    46.523
 9     0.390    -0.040     0.920
 9     0.840     0.410    -0.340
 9    -0.370     0.910     0.200
 2    65.908    -3.498    58.574
 2     0.950     0.310    -0.070
 2    -0.310     0.950     0.020
 2     0.070     0.000     1.000
 3   111.063    -3.450     6.446
 3    -0.400    -0.090    -0.910
 3    -0.050    -0.990     0.120
 3    -0.910     0.100     0.390
 4   100.190    15.184    -0.892
 4     0.850     0.510    -0.090
 4    -0.350     0.690     0.630
 4     0.390    -0.510     0.770
 5    98.476    20.183    24.487
 5    -0.200    -0.230    -0.950
 5     0.630     0.720    -0.300
 5     0.750    -0.660     0.000
 6   113.088    26.666    44.422
 6     0.340     0.210     0.920
 6    -0.690     0.720     0.090
 6    -0.640    -0.660     0.390
 7    97.723   -19.890    -1.159
 7     0.860    -0.240    -0.450
 7    -0.080     0.800    -0.590
 7     0.500     0.550     0.670
 8    96.976   -25.426    24.748
 8    -0.190     0.160    -0.970
 8    -0.520     0.820     0.240
 8     0.830     0.550    -0.070
 9   111.834   -32.782    45.913
 9     0.360    -0.050     0.930
 9     0.730     0.630    -0.250
 9    -0.580     0.770     0.260
 2    65.908    -3.498    58.574
 2     0.950     0.310    -0.070
 2    -0.310     0.950     0.020
 2     0.070     0.000     1.000
 3   110.964    -3.449     6.541
 3    -0.400    -0.090    -0.910
 3    -0.050    -0.990     0.120
 3    -0.910     0.100     0.400
 4   100.002    15.184    -0.890
 4     0.850     0.510    -0.090
 4    -0.350     0.690     0.630
 4     0.390    -0.510     0.770
 5    98.670    20.984    24.155
 5    -0.200    -0.230    -0.950
 5     0.690     0.660    -0.300
 5     0.690    -0.720     0.030
 6   113.864    25.908    44.279
 6     0.330     0.200     0.920
 6    -0.510     0.860    -0.010
 6    -0.800    -0.470     0.380
 7    97.676   -19.889    -1.114
 7     0.860    -0.240    -0.440
 7    -0.080     0.800    -0.600
 7     0.500     0.550     0.670
 8    97.114   -25.663    24.697
 8    -0.200     0.170    -0.970
 8    -0.540     0.800     0.250
 8     0.820     0.570    -0.070
 9   113.172   -31.525    45.443
 9     0.330    -0.040     0.940
 9     0.520     0.840    -0.150
 9    -0.790     0.540     0.300
 2    65.908    -3.498    58.574
 2     0.950     0.310    -0.070
 2    -0.310     0.950     0.020
 2     0.070     0.000     1.000
 3   110.913    -3.450     6.502
 3    -0.410    -0.090    -0.910
 3    -0.050    -0.990     0.120
 3    -0.910     0.100     0.400
 4    99.956    15.235    -0.855
 4     0.860     0.510    -0.090
 4    -0.350     0.690     0.640
 4     0.380    -0.520     0.770
 5    99.445    22.465    23.320
 5    -0.190    -0.230    -0.950
 5     0.830     0.480    -0.280
 5     0.530    -0.840     0.100
 6   114.570    25.130    44.064
 6     0.310     0.160     0.940
 6    -0.220     0.970    -0.100
 6    -0.930    -0.170     0.330
 7    97.631   -19.887    -1.114
 7     0.860    -0.250    -0.450
 7    -0.080     0.800    -0.600
 7     0.500     0.550     0.670
 8    97.255   -25.947    24.681
 8    -0.210     0.170    -0.960
 8    -0.560     0.790     0.260
 8     0.800     0.590    -0.070
 9   113.881   -31.037    44.831
 9     0.330    -0.040     0.940
 9     0.390     0.910    -0.100
 9    -0.860     0.400     0.320
 2    65.907    -3.497    58.530
 2     0.950     0.310    -0.070
 2    -0.310     0.950     0.020
 2     0.070     0.000     1.000
 3   110.863    -3.397     6.504
 3    -0.410    -0.090    -0.910
 3    -0.050    -0.990     0.120
 3    -0.910     0.090     0.400
 4    99.909    15.282    -0.855
 4     0.860     0.510    -0.080
 4    -0.350     0.690     0.640
 4     0.380    -0.520     0.770
 5    99.552    22.781    23.226
 5    -0.180    -0.230    -0.960
 5     0.860     0.440    -0.270
 5     0.480    -0.870     0.120
 6   114.315    24.631    44.216
 6     0.290     0.160     0.940
 6    -0.130     0.980    -0.120
 6    -0.950    -0.090     0.310
 7    97.537   -19.838    -1.159
 7     0.860    -0.240    -0.450
 7    -0.080     0.800    -0.600
 7     0.500     0.550     0.670
 8    97.346   -26.041    24.546
 8    -0.210     0.170    -0.960
 8    -0.570     0.780     0.260
 8     0.800     0.600    -0.070
 9   113.963   -30.967    44.844
 9     0.330    -0.040     0.940
 9     0.350     0.930    -0.090
 9    -0.870     0.360     0.320
 2    65.907    -3.497    58.530
 2     0.950     0.310    -0.070
 2    -0.310     0.950     0.020
 2     0.070     0.000     1.000
 3   110.862    -3.350     6.504
 3    -0.410    -0.090    -0.910
 3    -0.050    -0.990     0.120
 3    -0.910     0.090     0.400
 4    99.861    15.329    -0.854
 4     0.860     0.510    -0.080
 4    -0.350     0.690     0.640
 4     0.380    -0.520     0.770
 5    99.459    22.688    23.270
 5    -0.170    -0.230    -0.960
 5     0.860     0.440    -0.260
 5     0.480    -0.870     0.120
 6   114.220    24.643    44.306
 6     0.290     0.160     0.950
 6    -0.140     0.980    -0.120
 6    -0.950    -0.100     0.300
 7    97.537   -19.791    -1.159
 7     0.860    -0.240    -0.450
 7    -0.080     0.800    -0.590
 7     0.500     0.550     0.670
 8    97.531   -26.092    24.494
 8    -0.210     0.170    -0.960
 8    -0.580     0.770     0.270
 8     0.790     0.610    -0.070
 9   114.135   -30.821    44.803
 9     0.330    -0.040     0.940
 9     0.340     0.940    -0.080
 9    -0.880     0.350     0.320
 2    65.907    -3.497    58.530
 2     0.950     0.310    -0.070
 2    -0.310     0.950     0.020
 2     0.070     0.000     1.000
 3   110.863    -3.397     6.504
 3    -0.410    -0.090    -0.910
 3    -0.050    -0.990     0.120
 3    -0.910     0.090     0.400
 4    99.861    15.329    -0.854
 4     0.860     0.510    -0.080
 4    -0.350     0.690     0.640
 4     0.380    -0.520     0.770
 5    99.601    22.548    23.225
 5    -0.170    -0.230    -0.960
 5     0.860     0.440    -0.260
 5     0.480    -0.870     0.120
 6   114.325    24.610    44.296
 6     0.280     0.160     0.950
 6    -0.150     0.980    -0.120
 6    -0.950    -0.110     0.300
 7    97.537   -19.791    -1.159
 7     0.860    -0.240    -0.450
 7    -0.080     0.800    -0.590
 7     0.500     0.550     0.670
 8    97.623   -26.191    24.579
 8    -0.220     0.170    -0.960
 8    -0.580     0.770     0.270
 8     0.780     0.620    -0.070
 9   114.290   -30.826    44.792
 9     0.330    -0.040     0.940
 9     0.340     0.940    -0.080
 9    -0.880     0.350     0.320
 2    65.907    -3.497    58.530
 2     0.950     0.310    -0.070
 2    -0.310     0.950     0.020
 2     0.070     0.000     1.000
 3   110.763    -3.445     6.422
 3    -0.410    -0.090    -0.910
 3    -0.050    -0.990     0.120
 3    -0.910     0.090     0.400
 4    99.675    15.235    -0.809
 4     0.860     0.510    -0.090
 4    -0.340     0.690     0.640
 4     0.380    -0.520     0.760
 5   100.163    22.474    23.516
 5    -0.210    -0.230    -0.950
 5     0.830     0.460    -0.300
 5     0.510    -0.860     0.100
