% Calibrated with leiden_pols
% Positions are in centimeters
Data =[
 2    65.908    -3.498    58.574
 2     0.950     0.310    -0.070
 2    -0.310     0.950     0.020
 2     0.070     0.000     1.000
 3   110.710    -3.255     6.102
 3    -0.410    -0.080    -0.910
 3    -0.060    -0.990     0.120
 3    -0.910     0.100     0.400
 4    99.292    15.492    -0.771
 4     0.840     0.530    -0.110
 4    -0.340     0.680     0.640
 4     0.420    -0.500     0.760
 5    96.948    20.494    24.417
 5    -0.160    -0.200    -0.970
 5     0.660     0.700    -0.260
 5     0.730    -0.680     0.020
 6   110.127    26.381    45.573
 6     0.290     0.180     0.940
 6    -0.770     0.630     0.120
 6    -0.570    -0.760     0.320
 7    97.209   -19.595    -1.633
 7     0.850    -0.230    -0.470
 7    -0.090     0.820    -0.560
 7     0.520     0.520     0.680
 8    95.003   -25.026    24.243
 8    -0.180     0.160    -0.970
 8    -0.510     0.830     0.230
 8     0.840     0.540    -0.070
 9   108.263   -31.934    46.419
 9     0.290    -0.020     0.960
 9     0.720     0.660    -0.200
 9    -0.630     0.750     0.210
 2    65.864    -3.499    58.575
 2     0.950     0.310    -0.070
 2    -0.310     0.950     0.020
 2     0.070     0.000     1.000
 3   110.659    -3.208     6.105
 3    -0.410    -0.080    -0.910
 3    -0.060    -0.990     0.120
 3    -0.910     0.100     0.400
 4    99.289    15.584    -0.771
 4     0.840     0.530    -0.110
 4    -0.350     0.680     0.640
 4     0.420    -0.500     0.760
 5    96.899    20.386    24.611
 5    -0.180    -0.210    -0.960
 5     0.650     0.710    -0.270
 5     0.740    -0.680     0.010
 6   110.286    26.435    45.507
 6     0.290     0.170     0.940
 6    -0.760     0.640     0.120
 6    -0.580    -0.750     0.320
 7    97.209   -19.500    -1.642
 7     0.850    -0.230    -0.470
 7    -0.090     0.820    -0.560
 7     0.510     0.520     0.680
 8    95.096   -25.030    24.332
 8    -0.180     0.160    -0.970
 8    -0.510     0.830     0.230
 8     0.840     0.540    -0.070
 9   108.316   -31.937    46.461
 9     0.290    -0.020     0.960
 9     0.720     0.660    -0.200
 9    -0.630     0.750     0.210
 2    65.908    -3.498    58.574
 2     0.950     0.310    -0.070
 2    -0.310     0.950     0.020
 2     0.070     0.000     1.000
 3   110.710    -3.208     6.146
 3    -0.410    -0.080    -0.910
 3    -0.060    -0.990     0.120
 3    -0.910     0.100     0.400
 4    99.337    15.584    -0.771
 4     0.840     0.530    -0.110
 4    -0.350     0.680     0.640
 4     0.420    -0.500     0.760
 5    96.898    20.341    24.562
 5    -0.180    -0.210    -0.960
 5     0.650     0.710    -0.280
 5     0.740    -0.680     0.000
 6   110.336    26.389    45.504
 6     0.290     0.170     0.940
 6    -0.760     0.640     0.120
 6    -0.580    -0.750     0.320
 7    97.209   -19.454    -1.642
 7     0.850    -0.230    -0.470
 7    -0.090     0.820    -0.560
 7     0.510     0.520     0.680
 8    95.096   -25.029    24.333
 8    -0.180     0.160    -0.970
 8    -0.520     0.830     0.230
 8     0.840     0.540    -0.060
 9   108.269   -31.936    46.507
 9     0.290    -0.020     0.960
 9     0.720     0.660    -0.200
 9    -0.630     0.750     0.210
 2    65.864    -3.499    58.575
 2     0.950     0.310    -0.070
 2    -0.310     0.950     0.020
 2     0.070     0.000     1.000
 3   110.753    -3.165     6.201
 3    -0.410    -0.080    -0.910
 3    -0.050    -0.990     0.120
 3    -0.910     0.100     0.400
 4    99.383    15.632    -0.772
 4     0.840     0.530    -0.110
 4    -0.350     0.680     0.640
 4     0.420    -0.500     0.760
 5    96.896    20.385    24.567
 5    -0.190    -0.210    -0.960
 5     0.650     0.710    -0.280
 5     0.740    -0.670     0.000
 6   110.289    26.340    45.552
 6     0.290     0.170     0.940
 6    -0.760     0.640     0.120
 6    -0.580    -0.750     0.320
 7    97.208   -19.407    -1.596
 7     0.850    -0.230    -0.470
 7    -0.090     0.820    -0.560
 7     0.510     0.520     0.680
 8    95.097   -25.030    24.377
 8    -0.180     0.160    -0.970
 8    -0.520     0.830     0.230
 8     0.840     0.540    -0.060
 9   108.273   -31.895    46.594
 9     0.290    -0.020     0.960
 9     0.730     0.660    -0.200
 9    -0.630     0.750     0.200
 2    65.907    -3.497    58.530
 2     0.950     0.310    -0.070
 2    -0.310     0.950     0.020
 2     0.070     0.000     1.000
 3   110.652    -3.166     6.208
 3    -0.410    -0.080    -0.910
 3    -0.050    -0.990     0.120
 3    -0.910     0.100     0.400
 4    99.384    15.585    -0.772
 4     0.840     0.530    -0.110
 4    -0.350     0.690     0.640
 4     0.420    -0.500     0.760
 5    96.853    20.395    24.558
 5    -0.180    -0.210    -0.960
 5     0.650     0.700    -0.270
 5     0.730    -0.680     0.010
 6   110.286    26.388    45.507
 6     0.290     0.170     0.940
 6    -0.760     0.640     0.120
 6    -0.580    -0.750     0.320
 7    97.162   -19.405    -1.597
 7     0.850    -0.230    -0.460
 7    -0.080     0.820    -0.560
 7     0.510     0.520     0.680
 8    95.051   -24.982    24.377
 8    -0.180     0.160    -0.970
 8    -0.510     0.830     0.230
 8     0.840     0.540    -0.070
 9   108.265   -31.894    46.610
 9     0.290    -0.020     0.960
 9     0.730     0.650    -0.200
 9    -0.620     0.760     0.200
 2    65.907    -3.497    58.530
 2     0.950     0.310    -0.070
 2    -0.310     0.950     0.020
 2     0.070     0.000     1.000
 3   110.604    -3.113     6.254
 3    -0.410    -0.080    -0.910
 3    -0.050    -0.990     0.120
 3    -0.910     0.090     0.400
 4    99.337    15.584    -0.771
 4     0.840     0.530    -0.110
 4    -0.350     0.690     0.640
 4     0.420    -0.500     0.760
 5    96.948    20.446    24.506
 5    -0.170    -0.200    -0.960
 5     0.660     0.700    -0.270
 5     0.730    -0.680     0.010
 6   110.238    26.386    45.555
 6     0.290     0.170     0.940
 6    -0.760     0.640     0.120
 6    -0.580    -0.750     0.320
 7    97.162   -19.405    -1.597
 7     0.850    -0.230    -0.460
 7    -0.080     0.820    -0.560
 7     0.510     0.520     0.680
 8    95.005   -24.981    24.376
 8    -0.180     0.160    -0.970
 8    -0.510     0.830     0.230
 8     0.840     0.540    -0.070
 9   108.265   -31.892    46.612
 9     0.290    -0.020     0.960
 9     0.730     0.660    -0.200
 9    -0.620     0.750     0.210
 2    65.864    -3.499    58.575
 2     0.950     0.310    -0.070
 2    -0.310     0.950     0.020
 2     0.070     0.000     1.000
 3   110.555    -3.159     6.258
 3    -0.410    -0.080    -0.910
 3    -0.050    -0.990     0.120
 3    -0.910     0.090     0.410
 4    99.289    15.584    -0.771
 4     0.840     0.530    -0.110
 4    -0.350     0.680     0.640
 4     0.420    -0.500     0.760
 5    96.993    20.502    24.363
 5    -0.170    -0.200    -0.960
 5     0.670     0.690    -0.260
 5     0.720    -0.690     0.010
 6   110.283    26.388    45.464
 6     0.290     0.170     0.940
 6    -0.760     0.640     0.120
 6    -0.580    -0.750     0.320
 7    97.072   -19.450    -1.509
 7     0.850    -0.240    -0.460
 7    -0.080     0.820    -0.570
 7     0.510     0.530     0.680
 8    95.101   -25.291    23.953
 8    -0.140     0.170    -0.980
 8    -0.540     0.810     0.220
 8     0.830     0.560    -0.020
 9   108.980   -32.131    46.043
 9     0.290    -0.030     0.960
 9     0.650     0.740    -0.180
 9    -0.700     0.670     0.230
 2    65.863    -3.454    58.575
 2     0.950     0.310    -0.070
 2    -0.310     0.950     0.020
 2     0.070     0.000     1.000
 3   110.453    -3.166     6.268
 3    -0.420    -0.080    -0.910
 3    -0.050    -0.990     0.120
 3    -0.910     0.100     0.410
 4    99.150    15.539    -0.727
 4     0.840     0.530    -0.110
 4    -0.340     0.680     0.650
 4     0.420    -0.510     0.750
 5    97.785    20.829    24.443
 5    -0.190    -0.210    -0.960
 5     0.680     0.670    -0.280
 5     0.710    -0.710     0.020
