% Calibrated with leiden_pols
% Positions are in centimeters
Data =[
 2    65.907    -3.497    58.530
 2     0.950     0.310    -0.070
 2    -0.310     0.950     0.020
 2     0.070     0.000     1.000
 3   109.784    -3.893     6.128
 3    -0.440    -0.110    -0.890
 3    -0.070    -0.980     0.160
 3    -0.890     0.130     0.430
 4    99.594    14.872    -1.926
 4     0.870     0.470    -0.120
 4    -0.330     0.750     0.570
 4     0.360    -0.460     0.810
 5    95.733    17.507    23.956
 5    -0.210    -0.050    -0.980
 5     0.630     0.750    -0.170
 5     0.750    -0.650    -0.120
 6   119.520    18.879    24.151
 6     0.960    -0.080    -0.260
 6     0.270     0.090     0.960
 6    -0.050    -0.990     0.110
 7    96.710   -20.237    -0.940
 7     0.860    -0.230    -0.450
 7    -0.090     0.800    -0.590
 7     0.500     0.550     0.670
 8    94.583   -23.081    25.339
 8    -0.240     0.030    -0.970
 8    -0.540     0.830     0.160
 8     0.810     0.560    -0.180
 9   120.339   -24.886    25.219
 9     0.940     0.080    -0.340
 9    -0.320    -0.200    -0.930
 9    -0.150     0.980    -0.160
 2    65.907    -3.497    58.530
 2     0.950     0.310    -0.070
 2    -0.310     0.950     0.020
 2     0.070     0.000     1.000
 3   109.900    -3.700     6.138
 3    -0.440    -0.110    -0.890
 3    -0.070    -0.990     0.150
 3    -0.900     0.130     0.420
 4    99.592    15.105    -1.928
 4     0.870     0.470    -0.120
 4    -0.330     0.750     0.570
 4     0.360    -0.460     0.810
 5    95.736    17.516    24.031
 5    -0.210    -0.040    -0.980
 5     0.630     0.750    -0.170
 5     0.740    -0.660    -0.130
 6   119.524    18.973    24.238
 6     0.960    -0.080    -0.260
 6     0.270     0.090     0.960
 6    -0.050    -0.990     0.110
 7    96.800   -20.051    -1.073
 7     0.860    -0.230    -0.450
 7    -0.090     0.810    -0.580
 7     0.500     0.550     0.680
 8    94.577   -22.895    25.254
 8    -0.240     0.040    -0.970
 8    -0.530     0.830     0.160
 8     0.810     0.560    -0.180
 9   120.287   -24.984    25.324
 9     0.940     0.070    -0.340
 9    -0.320    -0.200    -0.930
 9    -0.140     0.980    -0.170
 2    65.907    -3.497    58.530
 2     0.950     0.310    -0.070
 2    -0.310     0.950     0.020
 2     0.070     0.000     1.000
 3   109.899    -3.652     6.137
 3    -0.440    -0.100    -0.890
 3    -0.070    -0.990     0.150
 3    -0.900     0.130     0.420
 4    99.639    15.200    -1.839
 4     0.870     0.470    -0.110
 4    -0.330     0.750     0.570
 4     0.360    -0.460     0.810
 5    95.785    17.608    24.161
 5    -0.210    -0.040    -0.980
 5     0.640     0.750    -0.170
 5     0.740    -0.660    -0.130
 6   119.583    19.070    24.405
 6     0.960    -0.070    -0.260
 6     0.270     0.080     0.960
 6    -0.050    -0.990     0.100
 7    96.845   -19.957    -1.081
 7     0.860    -0.230    -0.450
 7    -0.090     0.810    -0.580
 7     0.490     0.550     0.680
 8    94.623   -22.942    25.209
 8    -0.240     0.040    -0.970
 8    -0.530     0.830     0.160
 8     0.810     0.560    -0.180
 9   120.235   -25.030    25.282
 9     0.940     0.070    -0.340
 9    -0.320    -0.200    -0.930
 9    -0.140     0.980    -0.170
 2    65.864    -3.499    58.575
 2     0.950     0.310    -0.070
 2    -0.310     0.950     0.020
 2     0.070     0.000     1.000
 3   109.900    -3.600     6.181
 3    -0.440    -0.100    -0.890
 3    -0.070    -0.990     0.150
 3    -0.900     0.120     0.420
 4    99.684    15.293    -1.798
 4     0.870     0.470    -0.110
 4    -0.330     0.750     0.580
 4     0.360    -0.470     0.810
 5    95.877    17.664    24.107
 5    -0.210    -0.040    -0.980
 5     0.650     0.740    -0.170
 5     0.730    -0.670    -0.130
 6   119.531    19.024    24.404
 6     0.960    -0.070    -0.260
 6     0.270     0.080     0.960
 6    -0.050    -0.990     0.090
 7    96.799   -20.002    -1.082
 7     0.860    -0.230    -0.450
 7    -0.090     0.810    -0.580
 7     0.490     0.550     0.680
 8    94.624   -23.034    25.162
 8    -0.240     0.040    -0.970
 8    -0.540     0.820     0.170
 8     0.810     0.560    -0.180
 9   120.285   -24.935    25.279
 9     0.940     0.080    -0.340
 9    -0.310    -0.210    -0.930
 9    -0.140     0.970    -0.170
 2    65.908    -3.498    58.574
 2     0.950     0.310    -0.070
 2    -0.310     0.950     0.020
 2     0.070     0.000     1.000
 3   109.851    -3.646     6.184
 3    -0.440    -0.100    -0.890
 3    -0.070    -0.990     0.150
 3    -0.900     0.120     0.430
 4    99.684    15.246    -1.797
 4     0.870     0.470    -0.110
 4    -0.330     0.750     0.580
 4     0.360    -0.470     0.810
 5    95.831    17.664    24.107
 5    -0.210    -0.040    -0.980
 5     0.650     0.740    -0.170
 5     0.730    -0.670    -0.130
 6   119.532    19.072    24.403
 6     0.960    -0.070    -0.260
 6     0.270     0.070     0.960
 6    -0.050    -0.990     0.090
 7    96.799   -20.002    -1.082
 7     0.860    -0.220    -0.450
 7    -0.090     0.810    -0.580
 7     0.490     0.550     0.680
 8    94.669   -23.081    25.156
 8    -0.240     0.040    -0.970
 8    -0.540     0.820     0.170
 8     0.800     0.570    -0.180
 9   120.342   -24.743    25.260
 9     0.940     0.090    -0.340
 9    -0.310    -0.220    -0.920
 9    -0.150     0.970    -0.180
 2    65.864    -3.499    58.575
 2     0.950     0.310    -0.070
 2    -0.310     0.950     0.020
 2     0.070     0.000     1.000
 3   109.851    -3.646     6.184
 3    -0.440    -0.100    -0.890
 3    -0.070    -0.990     0.150
 3    -0.900     0.120     0.430
 4    99.685    15.200    -1.841
 4     0.870     0.470    -0.120
 4    -0.330     0.750     0.580
 4     0.360    -0.470     0.810
 5    95.877    17.618    24.063
 5    -0.210    -0.040    -0.980
 5     0.650     0.740    -0.170
 5     0.730    -0.670    -0.130
 6   119.533    19.024    24.448
 6     0.960    -0.070    -0.260
 6     0.270     0.070     0.960
 6    -0.050    -0.990     0.090
 7    96.799   -20.002    -1.126
 7     0.860    -0.220    -0.450
 7    -0.090     0.810    -0.580
 7     0.490     0.550     0.680
 8    94.670   -23.128    25.155
 8    -0.240     0.040    -0.970
 8    -0.540     0.820     0.170
 8     0.800     0.570    -0.180
 9   120.393   -24.793    25.214
 9     0.940     0.090    -0.340
 9    -0.310    -0.220    -0.920
 9    -0.150     0.970    -0.180
 2    65.907    -3.497    58.530
 2     0.950     0.310    -0.070
 2    -0.310     0.950     0.020
 2     0.070     0.000     1.000
 3   109.844    -3.698     6.198
 3    -0.440    -0.100    -0.890
 3    -0.060    -0.990     0.150
 3    -0.900     0.120     0.430
 4    99.639    15.153    -1.840
 4     0.870     0.470    -0.120
 4    -0.330     0.750     0.580
 4     0.360    -0.470     0.810
 5    95.877    17.618    24.063
 5    -0.210    -0.040    -0.980
 5     0.650     0.740    -0.170
 5     0.730    -0.670    -0.130
 6   119.531    19.024    24.404
 6     0.960    -0.070    -0.260
 6     0.270     0.070     0.960
 6    -0.050    -0.990     0.090
 7    96.799   -20.050    -1.125
 7     0.860    -0.220    -0.450
 7    -0.100     0.810    -0.580
 7     0.490     0.550     0.680
 8    94.670   -23.175    25.155
 8    -0.240     0.040    -0.970
 8    -0.540     0.820     0.170
 8     0.800     0.570    -0.180
 9   120.400   -24.791    25.197
 9     0.940     0.090    -0.340
 9    -0.310    -0.220    -0.920
 9    -0.160     0.970    -0.180
 2    65.908    -3.498    58.574
 2     0.950     0.310    -0.070
 2    -0.310     0.950     0.020
 2     0.070     0.000     1.000
 3   109.776    -3.702     6.228
 3    -0.440    -0.100    -0.890
 3    -0.060    -0.990     0.150
 3    -0.890     0.120     0.430
 4    99.639    15.153    -1.884
 4     0.870     0.470    -0.120
 4    -0.330     0.750     0.580
 4     0.360    -0.460     0.810
 5    95.877    17.618    24.063
 5    -0.210    -0.040    -0.980
 5     0.650     0.740    -0.170
 5     0.730    -0.670    -0.130
