% Calibrated with leiden_pols
% Positions are in centimeters
Data =[
 2    65.907    -3.453    58.574
 2     0.950     0.310    -0.070
 2    -0.310     0.950     0.020
 2     0.070     0.000     1.000
 3   110.824    -3.351     6.347
 3    -0.400    -0.080    -0.910
 3    -0.070    -0.990     0.120
 3    -0.910     0.110     0.390
 4    99.857    15.552    -0.885
 4     0.850     0.510    -0.100
 4    -0.340     0.690     0.640
 4     0.400    -0.510     0.760
 5    96.481    22.806    22.381
 5    -0.040    -0.250    -0.970
 5     0.840     0.520    -0.160
 5     0.540    -0.820     0.190
 6   108.283    26.352    45.197
 6     0.200     0.160     0.970
 6    -0.400     0.910    -0.080
 6    -0.900    -0.370     0.250
 7    96.742   -19.029    -1.428
 7     0.830    -0.250    -0.490
 7    -0.070     0.840    -0.540
 7     0.550     0.480     0.680
 8    92.433   -26.906    21.913
 8     0.000     0.220    -0.970
 8    -0.650     0.740     0.170
 8     0.760     0.630     0.150
 9   103.753   -32.861    45.564
 9     0.200    -0.010     0.980
 9     0.560     0.820    -0.110
 9    -0.810     0.570     0.170
 2    65.864    -3.499    58.575
 2     0.950     0.310    -0.070
 2    -0.310     0.950     0.020
 2     0.070     0.000     1.000
 3   110.875    -3.451     6.388
 3    -0.400    -0.090    -0.910
 3    -0.070    -0.990     0.130
 3    -0.910     0.120     0.390
 4    99.859    15.459    -0.970
 4     0.850     0.510    -0.100
 4    -0.340     0.690     0.630
 4     0.400    -0.500     0.770
 5    96.753    23.482    21.775
 5    -0.040    -0.270    -0.960
 5     0.860     0.480    -0.170
 5     0.510    -0.830     0.210
 6   108.377    27.153    44.617
 6     0.190     0.180     0.960
 6    -0.350     0.930    -0.100
 6    -0.920    -0.310     0.240
 7    96.743   -19.216    -1.294
 7     0.830    -0.250    -0.490
 7    -0.060     0.840    -0.540
 7     0.550     0.480     0.680
 8    92.616   -27.422    21.819
 8     0.000     0.240    -0.970
 8    -0.660     0.730     0.180
 8     0.750     0.640     0.160
 9   103.969   -33.482    45.355
 9     0.190    -0.020     0.980
 9     0.530     0.840    -0.090
 9    -0.820     0.540     0.170
 2    65.907    -3.497    58.530
 2     0.950     0.310    -0.070
 2    -0.310     0.950     0.020
 2     0.070     0.000     1.000
 3   110.926    -3.546     6.341
 3    -0.400    -0.090    -0.910
 3    -0.070    -0.990     0.130
 3    -0.910     0.120     0.390
 4    99.954    15.225    -1.103
 4     0.850     0.510    -0.110
 4    -0.340     0.700     0.630
 4     0.400    -0.500     0.770
 5    96.800    23.782    21.572
 5    -0.030    -0.280    -0.960
 5     0.870     0.460    -0.160
 5     0.480    -0.840     0.230
 6   108.288    27.431    44.513
 6     0.180     0.190     0.970
 6    -0.320     0.940    -0.120
 6    -0.930    -0.280     0.230
 7    96.836   -19.314    -1.248
 7     0.830    -0.260    -0.490
 7    -0.060     0.840    -0.540
 7     0.550     0.480     0.680
 8    92.752   -27.752    21.724
 8     0.000     0.240    -0.970
 8    -0.670     0.720     0.180
 8     0.740     0.650     0.170
 9   103.945   -33.918    45.271
 9     0.180    -0.030     0.980
 9     0.520     0.850    -0.070
 9    -0.840     0.520     0.170
 2    65.908    -3.498    58.574
 2     0.950     0.310    -0.070
 2    -0.310     0.950     0.020
 2     0.070     0.000     1.000
 3   111.048    -3.494     6.389
 3    -0.390    -0.090    -0.910
 3    -0.070    -0.990     0.130
 3    -0.920     0.120     0.380
 4   100.096    15.179    -1.150
 4     0.850     0.510    -0.110
 4    -0.340     0.700     0.630
 4     0.400    -0.500     0.770
 5    96.846    23.978    21.339
 5    -0.020    -0.290    -0.960
 5     0.880     0.440    -0.150
 5     0.470    -0.850     0.240
 6   107.801    27.571    44.478
 6     0.170     0.190     0.970
 6    -0.290     0.950    -0.130
 6    -0.940    -0.260     0.210
 7    96.928   -19.317    -1.247
 7     0.830    -0.260    -0.490
 7    -0.060     0.840    -0.540
 7     0.550     0.480     0.680
 8    92.573   -27.786    21.583
 8     0.020     0.240    -0.970
 8    -0.670     0.720     0.170
 8     0.740     0.650     0.180
 9   103.394   -33.810    45.194
 9     0.170    -0.030     0.990
 9     0.510     0.860    -0.060
 9    -0.850     0.510     0.160
 2    65.864    -3.499    58.575
 2     0.950     0.310    -0.070
 2    -0.310     0.950     0.020
 2     0.070     0.000     1.000
 3   111.308    -3.585     6.358
 3    -0.390    -0.100    -0.920
 3    -0.080    -0.990     0.140
 3    -0.920     0.120     0.370
 4   100.380    15.231    -1.296
 4     0.850     0.510    -0.100
 4    -0.340     0.700     0.620
 4     0.390    -0.500     0.770
 5    96.703    24.427    20.818
 5     0.010    -0.300    -0.950
 5     0.900     0.420    -0.120
 5     0.430    -0.860     0.270
 6   106.826    28.234    44.414
 6     0.130     0.200     0.970
 6    -0.250     0.960    -0.160
 6    -0.960    -0.220     0.170
 7    97.112   -19.230    -1.282
 7     0.830    -0.270    -0.490
 7    -0.050     0.840    -0.540
 7     0.560     0.470     0.680
 8    92.209   -27.856    21.127
 8     0.050     0.260    -0.960
 8    -0.670     0.720     0.160
 8     0.740     0.640     0.210
 9   101.931   -34.549    45.103
 9     0.130    -0.060     0.990
 9     0.500     0.860    -0.010
 9    -0.850     0.500     0.140
 2    65.908    -3.498    58.574
 2     0.950     0.310    -0.070
 2    -0.310     0.950     0.020
 2     0.070     0.000     1.000
 3   111.509    -3.589     6.342
 3    -0.380    -0.100    -0.920
 3    -0.080    -0.990     0.140
 3    -0.920     0.130     0.370
 4   100.568    15.185    -1.385
 4     0.850     0.510    -0.100
 4    -0.350     0.700     0.620
 4     0.390    -0.500     0.780
 5    96.273    24.808    20.286
 5     0.030    -0.320    -0.950
 5     0.900     0.410    -0.110
 5     0.420    -0.850     0.300
 6   105.650    29.081    43.999
 6     0.100     0.210     0.970
 6    -0.230     0.950    -0.190
 6    -0.970    -0.210     0.150
 7    97.203   -19.233    -1.325
 7     0.830    -0.270    -0.490
 7    -0.050     0.840    -0.540
 7     0.560     0.470     0.690
 8    91.799   -28.202    20.534
 8     0.070     0.280    -0.960
 8    -0.680     0.720     0.160
 8     0.730     0.640     0.240
 9   100.731   -35.243    44.684
 9     0.100    -0.070     0.990
 9     0.490     0.870     0.020
 9    -0.870     0.490     0.120
 2    65.864    -3.499    58.575
 2     0.950     0.310    -0.070
 2    -0.310     0.950     0.020
 2     0.070     0.000     1.000
 3   111.659    -3.542     6.376
 3    -0.380    -0.100    -0.920
 3    -0.080    -0.990     0.140
 3    -0.920     0.130     0.360
 4   100.806    15.144    -1.528
 4     0.850     0.510    -0.100
 4    -0.350     0.700     0.620
 4     0.380    -0.490     0.780
 5    95.939    25.044    19.888
 5     0.060    -0.330    -0.940
 5     0.910     0.420    -0.090
 5     0.420    -0.850     0.320
 6   104.521    29.554    43.880
 6     0.070     0.230     0.970
 6    -0.220     0.950    -0.210
 6    -0.970    -0.200     0.120
 7    97.388   -19.236    -1.333
 7     0.830    -0.270    -0.480
 7    -0.040     0.840    -0.540
 7     0.550     0.470     0.690
 8    91.571   -28.371    20.166
 8     0.090     0.290    -0.950
 8    -0.680     0.710     0.150
 8     0.720     0.640     0.270
 9    99.870   -35.850    44.508
 9     0.070    -0.090     0.990
 9     0.480     0.870     0.040
 9    -0.870     0.480     0.100
 2    65.864    -3.499    58.575
 2     0.950     0.310    -0.070
 2    -0.310     0.950     0.020
 2     0.070     0.000     1.000
 3   112.011    -3.540     6.304
 3    -0.370    -0.100    -0.920
 3    -0.080    -0.990     0.140
 3    -0.920     0.130     0.360
 4   101.041    15.144    -1.575
 4     0.850     0.510    -0.090
 4    -0.360     0.700     0.610
 4     0.380    -0.490     0.780
 5    95.512    25.095    19.361
 5     0.090    -0.340    -0.940
 5     0.900     0.420    -0.070
 5     0.420    -0.840     0.340
