% Calibrated with leiden_pols
% Positions are in centimeters
Data =[
 2    65.907    -3.497    58.530
 2     0.950     0.310    -0.070
 2    -0.310     0.950     0.020
 2     0.070     0.000     1.000
 3   113.481    -3.726     6.295
 3    -0.340    -0.120    -0.930
 3    -0.110    -0.980     0.170
 3    -0.930     0.160     0.320
 4   102.470    14.461    -3.208
 4     0.820     0.580    -0.040
 4    -0.470     0.710     0.530
 4     0.330    -0.410     0.850
 5    91.539    24.731    14.498
 5     0.340    -0.400    -0.850
 5     0.830     0.540     0.080
 5     0.430    -0.740     0.520
 6    91.714    32.706    40.199
 6    -0.220     0.330     0.920
 6    -0.170     0.910    -0.370
 6    -0.960    -0.240    -0.140
 7    98.493   -18.737    -2.441
 7     0.860    -0.320    -0.400
 7     0.080     0.850    -0.520
 7     0.510     0.410     0.750
 8    88.107   -27.558    16.036
 8     0.320     0.350    -0.880
 8    -0.590     0.800     0.100
 8     0.740     0.480     0.470
 9    88.835   -38.852    41.283
 9    -0.210    -0.190     0.960
 9     0.530     0.800     0.280
 9    -0.820     0.570    -0.070
 2    65.907    -3.497    58.530
 2     0.950     0.310    -0.070
 2    -0.310     0.950     0.020
 2     0.070     0.000     1.000
 3   113.610    -3.769     6.244
 3    -0.330    -0.120    -0.930
 3    -0.110    -0.980     0.170
 3    -0.940     0.160     0.310
 4   102.758    14.424    -3.271
 4     0.820     0.580    -0.030
 4    -0.490     0.710     0.500
 4     0.310    -0.400     0.860
 5    91.068    25.033    13.318
 5     0.390    -0.410    -0.820
 5     0.830     0.540     0.140
 5     0.390    -0.740     0.550
 6    89.511    32.928    39.277
 6    -0.280     0.330     0.900
 6    -0.130     0.920    -0.370
 6    -0.950    -0.220    -0.210
 7    98.633   -18.691    -2.585
 7     0.860    -0.330    -0.380
 7     0.100     0.850    -0.520
 7     0.500     0.410     0.760
 8    87.522   -27.337    15.210
 8     0.370     0.350    -0.860
 8    -0.590     0.800     0.070
 8     0.720     0.480     0.510
 9    86.709   -38.554    40.622
 9    -0.260    -0.190     0.950
 9     0.510     0.810     0.300
 9    -0.820     0.560    -0.110
 2    65.907    -3.497    58.530
 2     0.950     0.310    -0.070
 2    -0.310     0.950     0.020
 2     0.070     0.000     1.000
 3   113.720    -3.763     6.221
 3    -0.330    -0.120    -0.940
 3    -0.120    -0.980     0.170
 3    -0.940     0.160     0.310
 4   102.857    14.386    -3.465
 4     0.810     0.580    -0.020
 4    -0.500     0.710     0.490
 4     0.290    -0.390     0.870
 5    90.646    25.194    12.362
 5     0.440    -0.410    -0.800
 5     0.830     0.530     0.190
 5     0.350    -0.740     0.570
 6    87.320    33.122    38.270
 6    -0.330     0.330     0.880
 6    -0.080     0.920    -0.370
 6    -0.940    -0.200    -0.280
 7    98.819   -18.552    -2.772
 7     0.870    -0.340    -0.370
 7     0.110     0.850    -0.520
 7     0.490     0.410     0.770
 8    87.112   -27.312    14.429
 8     0.410     0.350    -0.840
 8    -0.590     0.800     0.050
 8     0.690     0.480     0.540
 9    85.130   -38.505    39.925
 9    -0.300    -0.190     0.940
 9     0.490     0.810     0.320
 9    -0.820     0.550    -0.150
 2    65.908    -3.498    58.574
 2     0.950     0.310    -0.070
 2    -0.310     0.950     0.020
 2     0.070     0.000     1.000
 3   113.871    -3.763     6.166
 3    -0.330    -0.120    -0.940
 3    -0.120    -0.980     0.170
 3    -0.940     0.160     0.310
 4   103.197    14.207    -3.749
 4     0.810     0.590    -0.010
 4    -0.520     0.720     0.460
 4     0.270    -0.370     0.890
 5    90.229    25.071    11.236
 5     0.490    -0.410    -0.770
 5     0.810     0.540     0.230
 5     0.320    -0.730     0.600
 6    85.017    33.288    37.048
 6    -0.400     0.340     0.850
 6    -0.060     0.920    -0.390
 6    -0.920    -0.210    -0.340
 7    98.912   -18.504    -2.961
 7     0.870    -0.340    -0.350
 7     0.130     0.850    -0.520
 7     0.480     0.400     0.780
 8    86.660   -27.147    13.696
 8     0.450     0.350    -0.820
 8    -0.590     0.800     0.020
 8     0.670     0.480     0.570
 9    83.271   -38.202    39.202
 9    -0.340    -0.180     0.920
 9     0.470     0.820     0.330
 9    -0.810     0.550    -0.200
 2    65.907    -3.497    58.530
 2     0.950     0.310    -0.070
 2    -0.310     0.950     0.020
 2     0.070     0.000     1.000
 3   114.023    -3.819     6.156
 3    -0.330    -0.130    -0.940
 3    -0.120    -0.980     0.170
 3    -0.940     0.170     0.300
 4   103.345    13.981    -3.941
 4     0.800     0.600     0.000
 4    -0.540     0.720     0.430
 4     0.250    -0.350     0.900
 5    89.818    24.664    10.342
 5     0.540    -0.410    -0.730
 5     0.780     0.560     0.270
 5     0.300    -0.720     0.620
 6    82.845    33.030    35.806
 6    -0.460     0.350     0.820
 6    -0.040     0.910    -0.410
 6    -0.890    -0.220    -0.400
 7    99.147   -18.506    -3.069
 7     0.870    -0.360    -0.330
 7     0.150     0.840    -0.520
 7     0.460     0.400     0.790
 8    86.206   -27.075    12.827
 8     0.490     0.340    -0.800
 8    -0.590     0.810    -0.020
 8     0.640     0.480     0.600
 9    81.178   -37.668    38.393
 9    -0.400    -0.170     0.900
 9     0.440     0.830     0.350
 9    -0.810     0.540    -0.250
 2    65.908    -3.498    58.574
 2     0.950     0.310    -0.070
 2    -0.310     0.950     0.020
 2     0.070     0.000     1.000
 3   114.124    -3.818     6.149
 3    -0.330    -0.130    -0.940
 3    -0.120    -0.980     0.180
 3    -0.940     0.170     0.300
 4   103.396    13.750    -4.298
 4     0.790     0.610     0.010
 4    -0.560     0.720     0.400
 4     0.240    -0.320     0.920
 5    89.228    24.248     9.500
 5     0.580    -0.400    -0.700
 5     0.760     0.580     0.290
 5     0.290    -0.710     0.640
 6    80.566    32.658    34.475
 6    -0.510     0.350     0.780
 6    -0.030     0.900    -0.420
 6    -0.860    -0.240    -0.450
 7    99.287   -18.507    -3.213
 7     0.880    -0.360    -0.310
 7     0.160     0.840    -0.520
 7     0.450     0.400     0.800
 8    85.713   -26.909    12.004
 8     0.530     0.340    -0.780
 8    -0.580     0.810    -0.050
 8     0.620     0.480     0.630
 9    79.539   -37.366    37.558
 9    -0.440    -0.160     0.890
 9     0.420     0.830     0.360
 9    -0.800     0.530    -0.300
 2    65.908    -3.498    58.574
 2     0.950     0.310    -0.070
 2    -0.310     0.950     0.020
 2     0.070     0.000     1.000
 3   114.117    -3.910     6.119
 3    -0.330    -0.140    -0.930
 3    -0.110    -0.980     0.180
 3    -0.940     0.160     0.310
 4   103.401    13.523    -4.443
 4     0.780     0.620     0.010
 4    -0.580     0.720     0.380
 4     0.220    -0.300     0.930
 5    88.775    23.880     8.746
 5     0.620    -0.400    -0.680
 5     0.730     0.600     0.320
 5     0.280    -0.690     0.660
 6    78.885    32.281    33.381
 6    -0.560     0.350     0.760
 6    -0.020     0.900    -0.430
 6    -0.830    -0.250    -0.500
 7    99.338   -18.551    -3.314
 7     0.880    -0.370    -0.290
 7     0.180     0.830    -0.520
 7     0.440     0.410     0.800
 8    85.264   -26.700    11.363
 8     0.570     0.330    -0.760
 8    -0.570     0.820    -0.070
 8     0.600     0.470     0.650
 9    77.836   -36.864    36.874
 9    -0.470    -0.150     0.870
 9     0.410     0.840     0.370
 9    -0.780     0.530    -0.340
 2    65.908    -3.498    58.574
 2     0.950     0.310    -0.070
 2    -0.310     0.950     0.020
 2     0.070     0.000     1.000
 3   114.169    -3.910     6.160
 3    -0.330    -0.140    -0.930
 3    -0.110    -0.980     0.180
 3    -0.940     0.160     0.310
 4   103.598    13.391    -4.506
 4     0.780     0.630     0.030
 4    -0.590     0.720     0.360
 4     0.200    -0.290     0.930
 5    88.548    23.698     8.209
 5     0.640    -0.390    -0.660
 5     0.720     0.610     0.340
 5     0.270    -0.690     0.670
