% Calibrated with leiden_pols
% Positions are in centimeters
Data =[
 2    83.507    -4.083    58.751
 2     1.000    -0.060     0.020
 2     0.060     1.000    -0.000
 2    -0.020     0.000     1.000
 3   132.396     1.290    -1.784
 3    -0.490    -0.180    -0.850
 3     0.210    -0.970     0.090
 3    -0.850    -0.140     0.520
 4   122.375    17.945    -6.442
 4     0.680     0.730     0.130
 4    -0.710     0.580     0.400
 4     0.210    -0.370     0.910
 5   115.071    24.505    20.862
 5     0.090    -0.170    -0.980
 5     0.470     0.880    -0.110
 5     0.880    -0.450     0.160
 6   126.725    34.880    45.590
 6     0.390     0.270     0.880
 6    -0.880    -0.170     0.440
 6     0.270    -0.950     0.170
 7   123.409   -18.020    -7.968
 7     0.630    -0.750     0.200
 7     0.750     0.530    -0.380
 7     0.180     0.390     0.900
 8   117.293   -26.349    19.683
 8    -0.150     0.160    -0.980
 8    -0.510     0.830     0.210
 8     0.840     0.530    -0.050
 9   130.716   -35.453    42.602
 9     0.310    -0.170     0.940
 9     0.950     0.070    -0.300
 9    -0.010     0.980     0.190
 2    83.507    -4.083    58.751
 2     1.000    -0.060     0.020
 2     0.060     1.000    -0.000
 2    -0.020     0.000     1.000
 3   132.428     1.182    -1.697
 3    -0.490    -0.190    -0.850
 3     0.210    -0.970     0.090
 3    -0.840    -0.140     0.520
 4   122.423    17.896    -6.398
 4     0.670     0.720     0.140
 4    -0.710     0.580     0.400
 4     0.210    -0.370     0.910
 5   115.122    24.456    20.950
 5     0.090    -0.170    -0.980
 5     0.470     0.880    -0.110
 5     0.880    -0.450     0.160
 6   126.831    34.881    45.585
 6     0.390     0.270     0.880
 6    -0.880    -0.170     0.450
 6     0.270    -0.950     0.170
 7   123.464   -18.213    -7.967
 7     0.630    -0.750     0.210
 7     0.760     0.530    -0.380
 7     0.180     0.400     0.900
 8   117.499   -26.406    19.903
 8    -0.150     0.150    -0.980
 8    -0.520     0.830     0.210
 8     0.840     0.540    -0.050
 9   130.770   -35.462    42.751
 9     0.310    -0.180     0.940
 9     0.950     0.060    -0.300
 9    -0.000     0.980     0.190
 2    83.507    -4.083    58.751
 2     1.000    -0.060     0.020
 2     0.060     1.000    -0.000
 2    -0.020     0.000     1.000
 3   132.430     1.034    -1.607
 3    -0.490    -0.190    -0.850
 3     0.210    -0.970     0.090
 3    -0.840    -0.130     0.520
 4   122.528    17.801    -6.400
 4     0.680     0.720     0.140
 4    -0.710     0.580     0.400
 4     0.210    -0.370     0.910
 5   115.419    24.403    20.953
 5     0.080    -0.180    -0.980
 5     0.470     0.870    -0.120
 5     0.880    -0.460     0.160
 6   127.210    34.892    45.509
 6     0.400     0.270     0.880
 6    -0.880    -0.160     0.450
 6     0.260    -0.950     0.170
 7   123.521   -18.356    -7.852
 7     0.630    -0.750     0.210
 7     0.760     0.530    -0.380
 7     0.170     0.400     0.900
 8   117.559   -26.502    20.016
 8    -0.160     0.150    -0.980
 8    -0.530     0.820     0.210
 8     0.830     0.550    -0.050
 9   130.893   -35.377    42.965
 9     0.310    -0.170     0.940
 9     0.950     0.060    -0.300
 9    -0.000     0.980     0.180
 2    83.553    -4.083    58.749
 2     1.000    -0.060     0.020
 2     0.060     1.000    -0.000
 2    -0.020     0.000     1.000
 3   132.594     0.834    -1.435
 3    -0.490    -0.200    -0.850
 3     0.210    -0.970     0.100
 3    -0.840    -0.120     0.520
 4   122.792    17.617    -6.464
 4     0.680     0.720     0.140
 4    -0.710     0.590     0.390
 4     0.200    -0.370     0.910
 5   115.622    24.277    20.843
 5     0.080    -0.180    -0.980
 5     0.480     0.870    -0.120
 5     0.870    -0.460     0.160
 6   127.312    34.891    45.467
 6     0.400     0.270     0.880
 6    -0.880    -0.160     0.450
 6     0.260    -0.950     0.180
 7   123.676   -18.460    -7.764
 7     0.620    -0.750     0.220
 7     0.760     0.520    -0.380
 7     0.170     0.400     0.900
 8   117.762   -26.655    20.149
 8    -0.160     0.140    -0.980
 8    -0.530     0.820     0.200
 8     0.830     0.550    -0.050
 9   131.011   -35.339    43.137
 9     0.310    -0.170     0.940
 9     0.950     0.060    -0.300
 9    -0.000     0.980     0.180
 2    83.507    -4.083    58.751
 2     1.000    -0.060     0.020
 2     0.060     1.000    -0.000
 2    -0.020     0.000     1.000
 3   132.724     0.792    -1.441
 3    -0.490    -0.200    -0.850
 3     0.210    -0.970     0.110
 3    -0.850    -0.120     0.520
 4   122.945    17.521    -6.422
 4     0.680     0.720     0.140
 4    -0.710     0.590     0.390
 4     0.200    -0.370     0.910
 5   115.672    24.228    20.888
 5     0.080    -0.180    -0.980
 5     0.480     0.870    -0.120
 5     0.870    -0.460     0.160
 6   127.473    34.845    45.502
 6     0.400     0.280     0.870
 6    -0.880    -0.160     0.450
 6     0.260    -0.950     0.180
 7   124.038   -18.762    -7.590
 7     0.630    -0.750     0.220
 7     0.760     0.520    -0.380
 7     0.170     0.410     0.900
 8   117.972   -26.664    20.364
 8    -0.150     0.130    -0.980
 8    -0.540     0.820     0.190
 8     0.830     0.560    -0.050
 9   131.133   -35.303    43.308
 9     0.310    -0.160     0.940
 9     0.950     0.060    -0.300
 9    -0.000     0.980     0.170
 2    83.507    -4.083    58.751
 2     1.000    -0.060     0.020
 2     0.060     1.000    -0.000
 2    -0.020     0.000     1.000
 3   132.723     0.742    -1.396
 3    -0.490    -0.200    -0.850
 3     0.210    -0.970     0.110
 3    -0.850    -0.120     0.520
 4   122.942    17.378    -6.328
 4     0.670     0.730     0.140
 4    -0.710     0.580     0.390
 4     0.200    -0.360     0.910
 5   115.770    24.086    20.890
 5     0.080    -0.180    -0.980
 5     0.480     0.870    -0.120
 5     0.870    -0.460     0.160
 6   127.625    34.847    45.409
 6     0.400     0.280     0.870
 6    -0.880    -0.160     0.450
 6     0.260    -0.950     0.180
 7   124.090   -18.909    -7.501
 7     0.630    -0.740     0.220
 7     0.760     0.530    -0.380
 7     0.170     0.410     0.900
 8   118.185   -26.906    20.386
 8    -0.150     0.130    -0.980
 8    -0.550     0.810     0.200
 8     0.820     0.570    -0.050
 9   131.369   -35.319    43.457
 9     0.300    -0.160     0.940
 9     0.950     0.060    -0.300
 9    -0.010     0.980     0.170
 2    83.507    -4.083    58.751
 2     1.000    -0.060     0.020
 2     0.060     1.000    -0.000
 2    -0.020     0.000     1.000
 3   132.648     0.734    -1.349
 3    -0.490    -0.200    -0.850
 3     0.210    -0.970     0.110
 3    -0.840    -0.120     0.520
 4   122.787    17.379    -6.281
 4     0.670     0.730     0.140
 4    -0.710     0.580     0.390
 4     0.200    -0.360     0.910
 5   116.269    24.330    21.482
 5     0.040    -0.190    -0.980
 5     0.480     0.870    -0.150
 5     0.880    -0.460     0.130
 6   129.134    35.133    45.516
 6     0.430     0.280     0.860
 6    -0.860    -0.160     0.480
 6     0.270    -0.950     0.180
 7   124.038   -18.955    -7.501
 7     0.630    -0.740     0.220
 7     0.750     0.530    -0.390
 7     0.170     0.410     0.900
 8   119.013   -27.267    20.642
 8    -0.190     0.130    -0.970
 8    -0.580     0.790     0.220
 8     0.790     0.600    -0.070
 9   133.222   -35.252    43.435
 9     0.330    -0.160     0.930
 9     0.940     0.080    -0.320
 9    -0.030     0.980     0.180
 2    83.508    -4.081    58.751
 2     1.000    -0.060     0.020
 2     0.050     1.000    -0.000
 2    -0.020     0.000     1.000
 3   132.427     0.782    -1.374
 3    -0.500    -0.190    -0.850
 3     0.200    -0.970     0.100
 3    -0.840    -0.120     0.520
 4   122.522    17.420    -6.216
 4     0.670     0.730     0.140
 4    -0.710     0.580     0.400
 4     0.210    -0.360     0.910
 5   117.578    24.549    21.838
 5    -0.010    -0.200    -0.980
 5     0.500     0.850    -0.180
 5     0.870    -0.490     0.090
