% Calibrated with leiden_pols
% Positions are in centimeters
Data =[
 2    83.508    -4.128    58.751
 2     1.000    -0.060     0.020
 2     0.060     1.000    -0.000
 2    -0.020     0.000     1.000
 3   132.464    -0.131    -1.966
 3    -0.490    -0.160    -0.860
 3     0.160    -0.980     0.100
 3    -0.860    -0.090     0.500
 4   121.884    16.311    -6.818
 4     0.650     0.750     0.130
 4    -0.730     0.560     0.400
 4     0.230    -0.350     0.910
 5   111.698    23.393    18.761
 5     0.200    -0.170    -0.970
 5     0.490     0.870    -0.050
 5     0.850    -0.460     0.260
 6   121.120    32.645    44.806
 6     0.340     0.180     0.920
 6    -0.930    -0.110     0.360
 6     0.170    -0.980     0.130
 7   122.701   -19.347    -7.932
 7     0.560    -0.790     0.250
 7     0.800     0.450    -0.390
 7     0.190     0.420     0.890
 8   113.187   -26.379    19.216
 8    -0.100     0.140    -0.980
 8    -0.440     0.880     0.170
 8     0.890     0.450    -0.030
 9   126.540   -34.491    42.796
 9     0.360    -0.070     0.930
 9     0.920     0.180    -0.350
 9    -0.140     0.980     0.130
 2    83.508    -4.128    58.751
 2     1.000    -0.060     0.020
 2     0.060     1.000    -0.000
 2    -0.020     0.000     1.000
 3   132.411    -0.033    -1.964
 3    -0.490    -0.160    -0.860
 3     0.160    -0.980     0.090
 3    -0.860    -0.090     0.500
 4   121.883    16.358    -6.774
 4     0.650     0.750     0.130
 4    -0.730     0.560     0.400
 4     0.230    -0.350     0.910
 5   111.698    23.393    18.761
 5     0.200    -0.170    -0.970
 5     0.490     0.870    -0.050
 5     0.850    -0.460     0.260
 6   120.974    32.596    44.944
 6     0.340     0.180     0.920
 6    -0.920    -0.120     0.360
 6     0.170    -0.980     0.130
 7   122.701   -19.345    -7.978
 7     0.570    -0.790     0.250
 7     0.800     0.450    -0.390
 7     0.190     0.420     0.890
 8   113.187   -26.379    19.216
 8    -0.100     0.150    -0.980
 8    -0.440     0.880     0.180
 8     0.890     0.450    -0.030
 9   126.540   -34.491    42.796
 9     0.360    -0.070     0.930
 9     0.920     0.170    -0.350
 9    -0.140     0.980     0.130
 2    83.508    -4.128    58.751
 2     1.000    -0.060     0.020
 2     0.060     1.000    -0.000
 2    -0.020     0.000     1.000
 3   132.411     0.064    -1.965
 3    -0.490    -0.160    -0.860
 3     0.160    -0.980     0.090
 3    -0.860    -0.090     0.500
 4   121.779    16.407    -6.686
 4     0.650     0.750     0.130
 4    -0.730     0.550     0.400
 4     0.230    -0.360     0.910
 5   111.601    23.393    18.805
 5     0.200    -0.170    -0.970
 5     0.490     0.870    -0.050
 5     0.850    -0.460     0.260
 6   120.867    32.681    45.003
 6     0.340     0.190     0.920
 6    -0.920    -0.130     0.360
 6     0.180    -0.970     0.130
 7   122.702   -19.296    -8.023
 7     0.570    -0.780     0.250
 7     0.800     0.450    -0.390
 7     0.190     0.420     0.890
 8   113.083   -26.187    19.262
 8    -0.100     0.150    -0.980
 8    -0.430     0.880     0.180
 8     0.890     0.450    -0.020
 9   126.360   -34.532    42.751
 9     0.360    -0.080     0.930
 9     0.920     0.160    -0.350
 9    -0.120     0.980     0.130
 2    83.553    -4.083    58.749
 2     1.000    -0.060     0.020
 2     0.060     1.000    -0.000
 2    -0.020     0.000     1.000
 3   132.356     0.114    -1.917
 3    -0.490    -0.150    -0.860
 3     0.160    -0.980     0.090
 3    -0.860    -0.090     0.500
 4   121.779    16.453    -6.687
 4     0.650     0.750     0.130
 4    -0.730     0.550     0.410
 4     0.230    -0.360     0.900
 5   111.552    23.347    18.850
 5     0.200    -0.170    -0.970
 5     0.490     0.870    -0.050
 5     0.850    -0.460     0.260
 6   120.855    32.674    44.973
 6     0.340     0.190     0.920
 6    -0.920    -0.130     0.370
 6     0.190    -0.970     0.130
 7   122.701   -19.250    -7.978
 7     0.570    -0.790     0.250
 7     0.800     0.450    -0.390
 7     0.190     0.420     0.890
 8   112.980   -26.189    19.285
 8    -0.100     0.150    -0.980
 8    -0.430     0.880     0.180
 8     0.900     0.440    -0.020
 9   126.143   -34.575    42.822
 9     0.360    -0.080     0.930
 9     0.930     0.150    -0.350
 9    -0.110     0.980     0.130
 2    83.553    -4.083    58.749
 2     1.000    -0.060     0.020
 2     0.060     1.000    -0.000
 2    -0.020     0.000     1.000
 3   132.357     0.114    -1.962
 3    -0.490    -0.150    -0.860
 3     0.160    -0.980     0.090
 3    -0.860    -0.090     0.500
 4   121.778    16.407    -6.642
 4     0.650     0.750     0.130
 4    -0.730     0.550     0.410
 4     0.230    -0.360     0.900
 5   111.603    23.392    18.892
 5     0.200    -0.170    -0.970
 5     0.490     0.870    -0.050
 5     0.850    -0.460     0.260
 6   120.855    32.674    44.973
 6     0.340     0.190     0.920
 6    -0.920    -0.130     0.370
 6     0.190    -0.970     0.130
 7   122.701   -19.249    -8.023
 7     0.570    -0.790     0.250
 7     0.800     0.450    -0.390
 7     0.190     0.420     0.890
 8   112.931   -26.186    19.284
 8    -0.100     0.150    -0.980
 8    -0.430     0.880     0.180
 8     0.900     0.440    -0.020
 9   125.929   -34.670    43.041
 9     0.360    -0.090     0.930
 9     0.930     0.130    -0.350
 9    -0.090     0.990     0.130
 2    83.507    -4.083    58.751
 2     1.000    -0.060     0.020
 2     0.060     1.000    -0.000
 2    -0.020     0.000     1.000
 3   132.299     0.062    -1.953
 3    -0.490    -0.150    -0.860
 3     0.150    -0.980     0.090
 3    -0.860    -0.090     0.500
 4   121.778    16.453    -6.643
 4     0.650     0.750     0.130
 4    -0.730     0.550     0.410
 4     0.230    -0.360     0.900
 5   111.602    23.346    18.893
 5     0.200    -0.170    -0.970
 5     0.490     0.870    -0.050
 5     0.850    -0.460     0.260
 6   120.855    32.674    44.973
 6     0.340     0.190     0.920
 6    -0.920    -0.130     0.370
 6     0.190    -0.970     0.130
 7   122.650   -19.199    -8.022
 7     0.570    -0.790     0.250
 7     0.800     0.450    -0.390
 7     0.190     0.420     0.890
 8   112.932   -26.187    19.328
 8    -0.100     0.150    -0.980
 8    -0.430     0.880     0.180
 8     0.900     0.440    -0.020
 9   125.931   -34.623    43.085
 9     0.360    -0.090     0.930
 9     0.930     0.130    -0.350
 9    -0.090     0.990     0.130
 2    83.553    -4.083    58.749
 2     1.000    -0.060     0.020
 2     0.060     1.000    -0.000
 2    -0.020     0.000     1.000
 3   132.298     0.012    -1.907
 3    -0.490    -0.150    -0.860
 3     0.150    -0.980     0.090
 3    -0.860    -0.090     0.500
 4   121.829    16.453    -6.644
 4     0.650     0.750     0.130
 4    -0.730     0.550     0.410
 4     0.230    -0.360     0.900
 5   111.701    23.391    18.936
 5     0.200    -0.170    -0.970
 5     0.490     0.870    -0.050
 5     0.850    -0.460     0.260
 6   121.011    32.676    44.965
 6     0.340     0.190     0.920
 6    -0.920    -0.130     0.370
 6     0.190    -0.970     0.130
 7   122.598   -19.246    -7.976
 7     0.560    -0.790     0.250
 7     0.800     0.450    -0.390
 7     0.190     0.420     0.890
 8   112.889   -26.185    19.371
 8    -0.100     0.150    -0.980
 8    -0.430     0.880     0.180
 8     0.900     0.440    -0.030
 9   125.849   -34.389    43.290
 9     0.360    -0.090     0.930
 9     0.930     0.090    -0.350
 9    -0.050     0.990     0.120
 2    83.507    -4.083    58.751
 2     1.000    -0.060     0.020
 2     0.060     1.000    -0.000
 2    -0.020     0.000     1.000
 3   132.298    -0.036    -1.907
 3    -0.490    -0.150    -0.860
 3     0.150    -0.980     0.090
 3    -0.860    -0.090     0.510
 4   121.882    16.454    -6.601
 4     0.650     0.750     0.130
 4    -0.720     0.560     0.410
 4     0.230    -0.360     0.900
 5   112.545    23.751    19.414
 5     0.170    -0.180    -0.970
 5     0.500     0.860    -0.070
 5     0.850    -0.470     0.240
