% Calibrated with leiden_pols
% Positions are in centimeters
Data =[
 2    83.507    -4.083    58.751
 2     1.000    -0.060     0.020
 2     0.060     1.000    -0.000
 2    -0.020     0.000     1.000
 3   131.840     0.249    -3.178
 3    -0.470    -0.140    -0.870
 3     0.150    -0.990     0.080
 3    -0.870    -0.090     0.480
 4   118.937    14.101    -9.194
 4     0.750     0.660     0.020
 4    -0.590     0.650     0.470
 4     0.300    -0.370     0.880
 5   121.708    35.891    -8.890
 5    -0.370    -0.920     0.130
 5     0.130    -0.190    -0.970
 5     0.920    -0.340     0.190
 6   154.091    40.353   -13.408
 6     0.960    -0.220     0.180
 6     0.200     0.970     0.120
 6    -0.210    -0.070     0.980
 7   118.146   -15.430   -10.297
 7     0.550    -0.840     0.030
 7     0.730     0.460    -0.510
 7     0.410     0.300     0.860
 8   117.034   -38.048     4.624
 8    -0.380     0.890    -0.260
 8     0.100     0.320     0.940
 8     0.920     0.330    -0.210
 9   146.531   -40.580    -1.430
 9     0.940     0.350    -0.020
 9    -0.330     0.860    -0.380
 9    -0.110     0.370     0.920
 2    83.507    -4.083    58.751
 2     1.000    -0.060     0.020
 2     0.060     1.000    -0.000
 2    -0.020     0.000     1.000
 3   131.731     0.155    -3.216
 3    -0.470    -0.150    -0.870
 3     0.150    -0.990     0.090
 3    -0.870    -0.090     0.490
 4   119.041    14.054    -9.196
 4     0.750     0.660     0.020
 4    -0.580     0.660     0.480
 4     0.300    -0.370     0.880
 5   121.926    35.573    -9.146
 5    -0.370    -0.920     0.130
 5     0.140    -0.200    -0.970
 5     0.920    -0.340     0.210
 6   154.422    39.963   -13.550
 6     0.960    -0.220     0.190
 6     0.200     0.970     0.120
 6    -0.210    -0.080     0.970
 7   118.039   -15.527   -10.235
 7     0.550    -0.840     0.030
 7     0.730     0.460    -0.510
 7     0.420     0.300     0.860
 8   116.884   -38.135     4.663
 8    -0.380     0.890    -0.260
 8     0.100     0.320     0.940
 8     0.920     0.330    -0.210
 9   146.376   -40.615    -1.406
 9     0.930     0.360    -0.030
 9    -0.340     0.860    -0.390
 9    -0.120     0.370     0.920
 2    83.507    -4.083    58.751
 2     1.000    -0.060     0.020
 2     0.060     1.000    -0.000
 2    -0.020     0.000     1.000
 3   131.731    -0.043    -3.297
 3    -0.470    -0.150    -0.870
 3     0.140    -0.990     0.090
 3    -0.870    -0.080     0.490
 4   119.042    13.912    -9.196
 4     0.760     0.650     0.020
 4    -0.580     0.660     0.480
 4     0.300    -0.370     0.880
 5   121.976    35.435    -9.243
 5    -0.370    -0.920     0.130
 5     0.150    -0.200    -0.970
 5     0.920    -0.340     0.210
 6   154.487    40.352   -13.430
 6     0.960    -0.200     0.190
 6     0.180     0.970     0.130
 6    -0.210    -0.090     0.970
 7   117.939   -15.716   -10.233
 7     0.540    -0.840     0.030
 7     0.730     0.450    -0.520
 7     0.420     0.300     0.860
 8   116.836   -38.275     4.616
 8    -0.380     0.890    -0.260
 8     0.100     0.320     0.940
 8     0.920     0.330    -0.210
 9   146.325   -40.710    -1.448
 9     0.930     0.350    -0.030
 9    -0.340     0.860    -0.390
 9    -0.120     0.370     0.920
 2    83.507    -4.083    58.751
 2     1.000    -0.060     0.020
 2     0.060     1.000    -0.000
 2    -0.020     0.000     1.000
 3   131.676    -0.140    -3.291
 3    -0.480    -0.140    -0.870
 3     0.140    -0.990     0.090
 3    -0.870    -0.080     0.490
 4   118.987    13.817    -9.152
 4     0.760     0.650     0.020
 4    -0.580     0.660     0.490
 4     0.300    -0.380     0.870
 5   121.511    35.488    -9.125
 5    -0.350    -0.930     0.130
 5     0.150    -0.190    -0.970
 5     0.920    -0.320     0.200
 6   154.209    40.739   -13.384
 6     0.960    -0.190     0.190
 6     0.170     0.980     0.130
 6    -0.210    -0.100     0.970
 7   117.839   -15.807   -10.233
 7     0.540    -0.840     0.020
 7     0.730     0.450    -0.520
 7     0.420     0.300     0.860
 8   116.650   -38.344     4.503
 8    -0.380     0.890    -0.250
 8     0.110     0.320     0.940
 8     0.920     0.330    -0.220
 9   146.223   -40.950    -1.445
 9     0.940     0.350    -0.020
 9    -0.330     0.860    -0.390
 9    -0.120     0.370     0.920
 2    83.507    -4.083    58.751
 2     1.000    -0.060     0.020
 2     0.060     1.000    -0.000
 2    -0.020     0.000     1.000
 3   131.621    -0.139    -3.288
 3    -0.480    -0.140    -0.870
 3     0.140    -0.990     0.080
 3    -0.870    -0.080     0.490
 4   118.725    13.955    -8.913
 4     0.760     0.650     0.020
 4    -0.580     0.650     0.490
 4     0.310    -0.380     0.870
 5   121.347    35.510    -8.997
 5    -0.350    -0.930     0.130
 5     0.150    -0.190    -0.970
 5     0.930    -0.320     0.200
 6   153.854    40.923   -13.347
 6     0.960    -0.190     0.180
 6     0.160     0.980     0.140
 6    -0.200    -0.100     0.970
 7   117.731   -15.763   -10.216
 7     0.540    -0.840     0.020
 7     0.730     0.450    -0.520
 7     0.430     0.290     0.860
 8   116.489   -38.345     4.469
 8    -0.380     0.890    -0.250
 8     0.100     0.310     0.940
 8     0.920     0.330    -0.210
 9   146.107   -40.797    -1.355
 9     0.940     0.350    -0.020
 9    -0.330     0.860    -0.390
 9    -0.120     0.370     0.920
 2    83.507    -4.083    58.751
 2     1.000    -0.060     0.020
 2     0.060     1.000    -0.000
 2    -0.020     0.000     1.000
 3   131.458     0.010    -3.280
 3    -0.480    -0.130    -0.870
 3     0.140    -0.990     0.080
 3    -0.870    -0.080     0.490
 4   118.665    14.042    -8.855
 4     0.750     0.660     0.020
 4    -0.580     0.650     0.500
 4     0.320    -0.390     0.860
 5   121.069    35.871    -8.381
 5    -0.340    -0.930     0.120
 5     0.130    -0.170    -0.980
 5     0.930    -0.320     0.180
 6   153.493    41.201   -13.099
 6     0.970    -0.190     0.170
 6     0.160     0.970     0.150
 6    -0.190    -0.120     0.970
 7   117.681   -15.664   -10.261
 7     0.540    -0.840     0.020
 7     0.730     0.450    -0.520
 7     0.430     0.290     0.860
 8   116.489   -38.344     4.425
 8    -0.380     0.890    -0.250
 8     0.100     0.310     0.940
 8     0.920     0.330    -0.210
 9   146.170   -40.648    -1.337
 9     0.930     0.360    -0.020
 9    -0.330     0.860    -0.390
 9    -0.130     0.370     0.920
 2    83.556    -4.084    58.792
 2     1.000    -0.060     0.020
 2     0.060     1.000    -0.000
 2    -0.020     0.000     1.000
 3   131.458     0.057    -3.235
 3    -0.480    -0.130    -0.870
 3     0.140    -0.990     0.070
 3    -0.870    -0.080     0.490
 4   118.563    14.233    -8.722
 4     0.750     0.660     0.020
 4    -0.580     0.640     0.510
 4     0.320    -0.390     0.860
 5   121.016    35.874    -8.344
 5    -0.350    -0.930     0.110
 5     0.140    -0.170    -0.980
 5     0.930    -0.320     0.180
 6   153.430    41.345   -12.839
 6     0.970    -0.190     0.170
 6     0.160     0.970     0.160
 6    -0.190    -0.130     0.970
 7   117.631   -15.567   -10.261
 7     0.540    -0.840     0.010
 7     0.730     0.450    -0.510
 7     0.430     0.290     0.860
 8   116.538   -38.248     4.337
 8    -0.380     0.890    -0.250
 8     0.100     0.310     0.940
 8     0.920     0.330    -0.210
 9   146.166   -40.600    -1.294
 9     0.930     0.360    -0.010
 9    -0.330     0.860    -0.390
 9    -0.130     0.360     0.920
 2    83.507    -4.083    58.751
 2     1.000    -0.060     0.020
 2     0.060     1.000    -0.000
 2    -0.020     0.000     1.000
 3   131.455     0.057    -3.281
 3    -0.480    -0.130    -0.870
 3     0.140    -0.990     0.070
 3    -0.870    -0.090     0.490
 4   118.561    14.279    -8.679
 4     0.750     0.660     0.020
 4    -0.580     0.640     0.510
 4     0.320    -0.400     0.860
 5   121.007    35.967    -7.946
 5    -0.350    -0.930     0.110
 5     0.140    -0.160    -0.980
 5     0.930    -0.320     0.180
