% Calibrated with leiden_pols
% Positions are in centimeters
Data =[
 2    83.560    -4.083    58.837
 2     1.000    -0.060     0.020
 2     0.050     1.000    -0.000
 2    -0.020     0.000     1.000
 3   130.152     0.835    -3.395
 3    -0.520    -0.110    -0.850
 3     0.150    -0.990     0.040
 3    -0.840    -0.100     0.530
 4   119.384    17.924    -6.244
 4     0.690     0.720     0.120
 4    -0.650     0.540     0.540
 4     0.320    -0.440     0.840
 5   115.588    29.258    19.627
 5    -0.280    -0.490    -0.820
 5     0.170     0.820    -0.550
 5     0.940    -0.300    -0.150
 6   146.060    33.156    18.091
 6     0.970    -0.150    -0.210
 6     0.160    -0.320     0.930
 6    -0.210    -0.940    -0.290
 7   119.777   -18.456    -8.037
 7     0.600    -0.780     0.190
 7     0.740     0.450    -0.500
 7     0.300     0.440     0.840
 8   115.324   -27.899    20.408
 8    -0.350     0.370    -0.860
 8    -0.140     0.890     0.440
 8     0.930     0.270    -0.260
 9   145.307   -33.047    21.978
 9     0.990     0.100    -0.090
 9    -0.080    -0.080    -0.990
 9    -0.110     0.990    -0.070
 2    83.556    -4.036    58.792
 2     1.000    -0.050     0.020
 2     0.050     1.000    -0.000
 2    -0.020     0.000     1.000
 3   130.095     0.981    -3.394
 3    -0.520    -0.110    -0.850
 3     0.150    -0.990     0.030
 3    -0.840    -0.110     0.530
 4   119.177    17.973    -6.156
 4     0.690     0.720     0.120
 4    -0.650     0.530     0.540
 4     0.320    -0.450     0.830
 5   115.388    29.259    19.664
 5    -0.280    -0.490    -0.820
 5     0.170     0.820    -0.550
 5     0.940    -0.290    -0.150
 6   145.894    33.251    18.060
 6     0.970    -0.150    -0.210
 6     0.160    -0.320     0.930
 6    -0.210    -0.940    -0.280
 7   119.725   -18.359    -8.037
 7     0.600    -0.780     0.190
 7     0.740     0.450    -0.500
 7     0.300     0.440     0.850
 8   115.273   -27.848    20.363
 8    -0.350     0.370    -0.860
 8    -0.140     0.890     0.440
 8     0.930     0.270    -0.260
 9   145.358   -32.951    21.932
 9     0.990     0.100    -0.090
 9    -0.080    -0.080    -0.990
 9    -0.110     0.990    -0.070
 2    83.560    -4.083    58.837
 2     1.000    -0.060     0.020
 2     0.050     1.000    -0.000
 2    -0.020     0.000     1.000
 3   129.935     1.036    -3.479
 3    -0.530    -0.110    -0.840
 3     0.160    -0.990     0.030
 3    -0.840    -0.120     0.540
 4   119.120    18.060    -6.140
 4     0.680     0.720     0.120
 4    -0.650     0.530     0.540
 4     0.330    -0.450     0.830
 5   115.241    29.307    19.706
 5    -0.280    -0.490    -0.820
 5     0.170     0.820    -0.550
 5     0.940    -0.290    -0.150
 6   145.728    33.301    18.106
 6     0.970    -0.150    -0.210
 6     0.160    -0.320     0.930
 6    -0.210    -0.940    -0.290
 7   119.622   -18.258    -8.081
 7     0.600    -0.780     0.190
 7     0.740     0.450    -0.500
 7     0.300     0.440     0.850
 8   115.124   -27.793    20.317
 8    -0.350     0.370    -0.860
 8    -0.140     0.890     0.440
 8     0.930     0.270    -0.260
 9   145.242   -32.847    21.892
 9     0.990     0.100    -0.090
 9    -0.080    -0.080    -0.990
 9    -0.110     0.990    -0.070
 2    83.560    -4.083    58.837
 2     1.000    -0.060     0.020
 2     0.050     1.000    -0.000
 2    -0.020     0.000     1.000
 3   129.935     1.085    -3.479
 3    -0.530    -0.110    -0.840
 3     0.160    -0.990     0.030
 3    -0.840    -0.120     0.540
 4   119.022    18.020    -6.065
 4     0.680     0.720     0.120
 4    -0.650     0.530     0.540
 4     0.320    -0.450     0.830
 5   115.191    29.355    19.705
 5    -0.280    -0.490    -0.820
 5     0.170     0.820    -0.550
 5     0.940    -0.290    -0.150
 6   145.674    33.301    18.152
 6     0.970    -0.150    -0.210
 6     0.160    -0.320     0.930
 6    -0.210    -0.940    -0.290
 7   119.572   -18.257    -8.036
 7     0.600    -0.780     0.190
 7     0.740     0.450    -0.500
 7     0.300     0.440     0.850
 8   115.022   -27.693    20.226
 8    -0.340     0.370    -0.860
 8    -0.140     0.890     0.440
 8     0.930     0.270    -0.250
 9   145.240   -32.797    21.892
 9     0.990     0.100    -0.090
 9    -0.080    -0.080    -0.990
 9    -0.110     0.990    -0.070
 2    83.557    -4.082    58.792
 2     1.000    -0.060     0.020
 2     0.050     1.000    -0.000
 2    -0.020     0.000     1.000
 3   129.935     1.084    -3.435
 3    -0.530    -0.110    -0.840
 3     0.160    -0.990     0.030
 3    -0.840    -0.120     0.540
 4   119.023    18.067    -6.065
 4     0.680     0.720     0.120
 4    -0.650     0.530     0.540
 4     0.320    -0.450     0.830
 5   115.141    29.307    19.750
 5    -0.280    -0.490    -0.820
 5     0.170     0.820    -0.550
 5     0.940    -0.290    -0.150
 6   145.606    33.339    18.177
 6     0.970    -0.150    -0.210
 6     0.160    -0.320     0.930
 6    -0.200    -0.940    -0.290
 7   119.572   -18.257    -8.081
 7     0.600    -0.780     0.190
 7     0.740     0.450    -0.500
 7     0.300     0.440     0.850
 8   115.023   -27.693    20.270
 8    -0.340     0.370    -0.860
 8    -0.140     0.890     0.440
 8     0.930     0.270    -0.250
 9   145.074   -32.740    21.941
 9     0.990     0.100    -0.090
 9    -0.080    -0.080    -0.990
 9    -0.110     0.990    -0.070
 2    83.557    -4.082    58.792
 2     1.000    -0.060     0.020
 2     0.050     1.000    -0.000
 2    -0.020     0.000     1.000
 3   129.935     1.132    -3.391
 3    -0.530    -0.110    -0.840
 3     0.160    -0.990     0.030
 3    -0.840    -0.120     0.540
 4   119.023    18.067    -6.065
 4     0.680     0.720     0.120
 4    -0.650     0.530     0.540
 4     0.320    -0.450     0.830
 5   115.143    29.402    19.748
 5    -0.280    -0.490    -0.820
 5     0.170     0.820    -0.550
 5     0.940    -0.290    -0.150
 6   145.551    33.388    18.179
 6     0.970    -0.150    -0.210
 6     0.160    -0.320     0.930
 6    -0.200    -0.940    -0.290
 7   119.622   -18.258    -8.081
 7     0.600    -0.780     0.190
 7     0.740     0.450    -0.500
 7     0.300     0.440     0.850
 8   115.073   -27.649    20.314
 8    -0.340     0.370    -0.860
 8    -0.140     0.890     0.440
 8     0.930     0.270    -0.250
 9   145.130   -32.743    21.939
 9     0.990     0.100    -0.090
 9    -0.080    -0.080    -0.990
 9    -0.110     0.990    -0.070
 2    83.557    -4.082    58.792
 2     1.000    -0.060     0.020
 2     0.050     1.000    -0.000
 2    -0.020     0.000     1.000
 3   129.935     1.084    -3.435
 3    -0.530    -0.110    -0.840
 3     0.160    -0.990     0.030
 3    -0.840    -0.120     0.540
 4   119.021    18.114    -6.065
 4     0.680     0.720     0.120
 4    -0.660     0.530     0.540
 4     0.320    -0.450     0.830
 5   115.143    29.402    19.748
 5    -0.280    -0.490    -0.820
 5     0.170     0.820    -0.550
 5     0.940    -0.290    -0.150
 6   145.563    33.349    18.157
 6     0.970    -0.150    -0.220
 6     0.160    -0.320     0.930
 6    -0.210    -0.940    -0.290
 7   119.622   -18.258    -8.081
 7     0.600    -0.780     0.190
 7     0.740     0.450    -0.500
 7     0.300     0.440     0.850
 8   115.128   -27.648    20.351
 8    -0.340     0.370    -0.860
 8    -0.150     0.890     0.430
 8     0.930     0.280    -0.250
 9   145.073   -32.643    21.985
 9     0.990     0.100    -0.090
 9    -0.080    -0.080    -0.990
 9    -0.110     0.990    -0.070
 2    83.556    -4.084    58.792
 2     1.000    -0.060     0.020
 2     0.060     1.000    -0.000
 2    -0.020     0.000     1.000
 3   129.988     1.082    -3.394
 3    -0.530    -0.110    -0.840
 3     0.160    -0.990     0.030
 3    -0.840    -0.120     0.540
 4   119.021    18.114    -6.020
 4     0.680     0.720     0.120
 4    -0.660     0.530     0.540
 4     0.320    -0.450     0.830
 5   115.132    29.374    19.787
 5    -0.280    -0.490    -0.820
 5     0.170     0.820    -0.550
 5     0.950    -0.290    -0.150
