% Calibrated with leiden_pols
% Positions are in centimeters
Data =[
 2    83.557    -4.082    58.792
 2     1.000    -0.060     0.020
 2     0.050     1.000    -0.000
 2    -0.020     0.000     1.000
 3   132.626    -0.048    -3.265
 3    -0.450    -0.150    -0.880
 3     0.140    -0.990     0.100
 3    -0.880    -0.080     0.460
 4   119.415    14.784    -9.162
 4     0.620     0.790    -0.020
 4    -0.720     0.580     0.390
 4     0.320    -0.220     0.920
 5   116.901    23.713    18.913
 5    -0.310    -0.250    -0.920
 5     0.320     0.880    -0.350
 5     0.890    -0.400    -0.200
 6   147.601    26.273    20.414
 6     0.990    -0.110    -0.120
 6     0.090    -0.250     0.960
 6    -0.130    -0.960    -0.240
 7   120.276   -17.286    -9.846
 7     0.550    -0.830     0.090
 7     0.770     0.470    -0.430
 7     0.310     0.310     0.900
 8   116.484   -27.491    18.347
 8    -0.370     0.290    -0.880
 8    -0.260     0.880     0.400
 8     0.890     0.380    -0.250
 9   147.319   -28.370    21.440
 9     0.970     0.240    -0.030
 9    -0.010    -0.090    -1.000
 9    -0.240     0.970    -0.090
 2    83.556    -4.084    58.792
 2     1.000    -0.060     0.020
 2     0.060     1.000    -0.000
 2    -0.020     0.000     1.000
 3   132.626     0.001    -3.265
 3    -0.450    -0.150    -0.880
 3     0.140    -0.990     0.100
 3    -0.880    -0.080     0.460
 4   119.421    14.791    -9.177
 4     0.620     0.790    -0.020
 4    -0.720     0.580     0.380
 4     0.310    -0.220     0.920
 5   116.852    23.713    18.957
 5    -0.310    -0.250    -0.920
 5     0.320     0.880    -0.350
 5     0.890    -0.400    -0.200
 6   147.603    26.273    20.457
 6     0.990    -0.110    -0.120
 6     0.090    -0.250     0.960
 6    -0.130    -0.960    -0.240
 7   120.276   -17.286    -9.846
 7     0.550    -0.830     0.090
 7     0.770     0.470    -0.430
 7     0.310     0.310     0.900
 8   116.485   -27.492    18.390
 8    -0.370     0.290    -0.880
 8    -0.260     0.880     0.400
 8     0.890     0.380    -0.250
 9   147.266   -28.370    21.486
 9     0.970     0.240    -0.030
 9    -0.000    -0.090    -1.000
 9    -0.240     0.970    -0.090
 2    83.556    -4.084    58.792
 2     1.000    -0.060     0.020
 2     0.060     1.000    -0.000
 2    -0.020     0.000     1.000
 3   132.571     0.001    -3.217
 3    -0.450    -0.150    -0.880
 3     0.140    -0.990     0.100
 3    -0.880    -0.080     0.460
 4   119.415    14.784    -9.162
 4     0.620     0.790    -0.020
 4    -0.720     0.580     0.380
 4     0.320    -0.220     0.920
 5   116.851    23.666    18.958
 5    -0.310    -0.250    -0.920
 5     0.320     0.880    -0.350
 5     0.890    -0.400    -0.200
 6   147.604    26.224    20.501
 6     0.990    -0.110    -0.120
 6     0.090    -0.250     0.960
 6    -0.130    -0.960    -0.240
 7   120.224   -17.284    -9.801
 7     0.550    -0.830     0.100
 7     0.770     0.460    -0.430
 7     0.310     0.310     0.900
 8   116.484   -27.444    18.391
 8    -0.370     0.290    -0.880
 8    -0.260     0.880     0.400
 8     0.890     0.380    -0.250
 9   147.211   -28.368    21.531
 9     0.970     0.240    -0.030
 9    -0.000    -0.090    -1.000
 9    -0.240     0.970    -0.090
 2    83.507    -4.083    58.751
 2     1.000    -0.060     0.020
 2     0.060     1.000    -0.000
 2    -0.020     0.000     1.000
 3   132.515     0.002    -3.171
 3    -0.450    -0.150    -0.880
 3     0.140    -0.990     0.100
 3    -0.880    -0.080     0.460
 4   119.369    14.791    -9.133
 4     0.620     0.790    -0.020
 4    -0.720     0.580     0.380
 4     0.310    -0.220     0.920
 5   116.800    23.667    18.914
 5    -0.310    -0.250    -0.920
 5     0.320     0.880    -0.350
 5     0.890    -0.400    -0.200
 6   147.547    26.224    20.504
 6     0.990    -0.110    -0.120
 6     0.090    -0.250     0.960
 6    -0.130    -0.960    -0.240
 7   120.224   -17.284    -9.801
 7     0.550    -0.830     0.100
 7     0.770     0.460    -0.430
 7     0.310     0.310     0.900
 8   116.435   -27.442    18.434
 8    -0.370     0.290    -0.880
 8    -0.260     0.880     0.400
 8     0.890     0.380    -0.250
 9   147.159   -28.368    21.621
 9     0.970     0.240    -0.020
 9    -0.000    -0.090    -1.000
 9    -0.240     0.970    -0.090
 2    83.556    -4.084    58.792
 2     1.000    -0.060     0.020
 2     0.060     1.000    -0.000
 2    -0.020     0.000     1.000
 3   132.516     0.002    -3.170
 3    -0.450    -0.150    -0.880
 3     0.140    -0.980     0.100
 3    -0.880    -0.080     0.470
 4   119.319    14.791    -9.176
 4     0.620     0.790    -0.020
 4    -0.720     0.580     0.390
 4     0.310    -0.220     0.920
 5   116.801    23.667    19.001
 5    -0.310    -0.250    -0.920
 5     0.320     0.880    -0.350
 5     0.890    -0.400    -0.200
 6   147.494    26.224    20.551
 6     0.990    -0.110    -0.120
 6     0.090    -0.250     0.960
 6    -0.130    -0.960    -0.240
 7   120.171   -17.283    -9.756
 7     0.550    -0.830     0.100
 7     0.770     0.460    -0.430
 7     0.310     0.310     0.900
 8   116.339   -27.438    18.432
 8    -0.370     0.290    -0.880
 8    -0.260     0.880     0.400
 8     0.890     0.370    -0.250
 9   147.102   -28.316    21.623
 9     0.970     0.240    -0.020
 9    -0.000    -0.090    -1.000
 9    -0.240     0.970    -0.090
 2    83.507    -4.083    58.751
 2     1.000    -0.060     0.020
 2     0.060     1.000    -0.000
 2    -0.020     0.000     1.000
 3   132.515    -0.049    -3.081
 3    -0.450    -0.150    -0.880
 3     0.140    -0.980     0.100
 3    -0.880    -0.080     0.470
 4   119.368    14.791    -9.088
 4     0.620     0.790    -0.020
 4    -0.720     0.570     0.380
 4     0.310    -0.220     0.920
 5   116.801    23.667    19.001
 5    -0.310    -0.250    -0.920
 5     0.320     0.880    -0.350
 5     0.890    -0.400    -0.200
 6   147.496    26.224    20.593
 6     0.990    -0.110    -0.120
 6     0.090    -0.250     0.960
 6    -0.130    -0.960    -0.240
 7   120.171   -17.283    -9.756
 7     0.550    -0.830     0.100
 7     0.770     0.460    -0.430
 7     0.310     0.310     0.900
 8   116.340   -27.438    18.476
 8    -0.370     0.290    -0.880
 8    -0.260     0.880     0.400
 8     0.890     0.370    -0.250
 9   147.046   -28.313    21.625
 9     0.970     0.240    -0.030
 9    -0.000    -0.090    -1.000
 9    -0.240     0.970    -0.090
 2    83.508    -4.081    58.751
 2     1.000    -0.060     0.020
 2     0.050     1.000    -0.000
 2    -0.020     0.000     1.000
 3   132.461     0.001    -3.079
 3    -0.450    -0.150    -0.880
 3     0.140    -0.980     0.100
 3    -0.880    -0.080     0.470
 4   119.369    14.791    -9.133
 4     0.620     0.790    -0.020
 4    -0.720     0.570     0.380
 4     0.310    -0.220     0.920
 5   116.753    23.667    19.046
 5    -0.310    -0.250    -0.920
 5     0.320     0.880    -0.350
 5     0.890    -0.400    -0.200
 6   147.439    26.224    20.596
 6     0.990    -0.110    -0.120
 6     0.090    -0.250     0.960
 6    -0.130    -0.960    -0.240
 7   120.121   -17.281    -9.755
 7     0.550    -0.830     0.100
 7     0.780     0.460    -0.430
 7     0.310     0.310     0.900
 8   116.290   -27.388    18.476
 8    -0.370     0.290    -0.880
 8    -0.260     0.880     0.390
 8     0.890     0.370    -0.250
 9   146.995   -28.362    21.714
 9     0.970     0.230    -0.020
 9    -0.000    -0.090    -1.000
 9    -0.240     0.970    -0.090
 2    83.507    -4.083    58.751
 2     1.000    -0.060     0.020
 2     0.060     1.000    -0.000
 2    -0.020     0.000     1.000
 3   132.461     0.001    -3.079
 3    -0.450    -0.150    -0.880
 3     0.140    -0.980     0.100
 3    -0.880    -0.080     0.470
 4   119.369    14.791    -9.133
 4     0.620     0.790    -0.020
 4    -0.720     0.570     0.380
 4     0.310    -0.220     0.920
 5   116.693    23.648    19.075
 5    -0.310    -0.250    -0.920
 5     0.320     0.880    -0.350
 5     0.900    -0.400    -0.200
