% Calibrated with leiden_pols
% Positions are in centimeters
Data =[
 2    83.511    -4.082    58.794
 2     1.000    -0.060     0.020
 2     0.050     1.000    -0.000
 2    -0.020     0.000     1.000
 3   132.092     0.036    -3.006
 3    -0.490    -0.150    -0.860
 3     0.150    -0.990     0.090
 3    -0.860    -0.080     0.500
 4   121.113    16.676    -7.341
 4     0.670     0.740     0.100
 4    -0.700     0.580     0.420
 4     0.260    -0.350     0.900
 5   113.650    22.469    20.086
 5     0.030    -0.150    -0.990
 5     0.420     0.900    -0.120
 5     0.910    -0.410     0.090
 6   126.369    32.910    44.081
 6     0.440     0.240     0.860
 6    -0.860    -0.150     0.480
 6     0.250    -0.960     0.140
 7   121.662   -19.023    -8.809
 7     0.580    -0.790     0.200
 7     0.780     0.480    -0.400
 7     0.220     0.390     0.890
 8   114.865   -26.384    19.609
 8    -0.220     0.140    -0.970
 8    -0.400     0.890     0.220
 8     0.890     0.430    -0.130
 9   129.948   -35.025    42.011
 9     0.430    -0.110     0.890
 9     0.900     0.080    -0.430
 9    -0.020     0.990     0.130
 2    83.553    -4.083    58.749
 2     1.000    -0.060     0.020
 2     0.060     1.000    -0.000
 2    -0.020     0.000     1.000
 3   132.091    -0.013    -2.962
 3    -0.490    -0.150    -0.860
 3     0.150    -0.990     0.090
 3    -0.860    -0.080     0.500
 4   121.220    16.539    -7.445
 4     0.660     0.740     0.100
 4    -0.700     0.570     0.420
 4     0.250    -0.350     0.900
 5   113.650    22.421    20.086
 5     0.030    -0.150    -0.990
 5     0.420     0.900    -0.120
 5     0.910    -0.410     0.090
 6   126.370    32.958    44.080
 6     0.440     0.250     0.860
 6    -0.860    -0.150     0.480
 6     0.250    -0.960     0.140
 7   121.867   -19.176    -8.721
 7     0.580    -0.790     0.200
 7     0.780     0.470    -0.400
 7     0.220     0.390     0.890
 8   114.918   -26.339    19.697
 8    -0.220     0.140    -0.970
 8    -0.400     0.890     0.220
 8     0.890     0.440    -0.140
 9   130.061   -34.936    42.139
 9     0.430    -0.110     0.890
 9     0.900     0.070    -0.430
 9    -0.020     0.990     0.130
 2    83.507    -4.083    58.751
 2     1.000    -0.060     0.020
 2     0.060     1.000    -0.000
 2    -0.020     0.000     1.000
 3   132.143    -0.114    -2.831
 3    -0.490    -0.150    -0.860
 3     0.150    -0.990     0.090
 3    -0.860    -0.080     0.500
 4   121.320    16.300    -7.488
 4     0.660     0.740     0.100
 4    -0.710     0.570     0.420
 4     0.250    -0.350     0.900
 5   113.649    22.375    20.087
 5     0.030    -0.150    -0.990
 5     0.420     0.900    -0.120
 5     0.910    -0.410     0.090
 6   126.317    32.907    44.089
 6     0.440     0.250     0.860
 6    -0.860    -0.150     0.480
 6     0.250    -0.960     0.150
 7   121.970   -19.277    -8.588
 7     0.580    -0.790     0.210
 7     0.790     0.470    -0.400
 7     0.220     0.400     0.890
 8   115.028   -26.342    19.865
 8    -0.210     0.130    -0.970
 8    -0.410     0.890     0.210
 8     0.890     0.440    -0.140
 9   130.120   -34.893    42.224
 9     0.430    -0.110     0.890
 9     0.900     0.070    -0.430
 9    -0.020     0.990     0.130
 2    83.507    -4.083    58.751
 2     1.000    -0.060     0.020
 2     0.060     1.000    -0.000
 2    -0.020     0.000     1.000
 3   132.194    -0.266    -2.782
 3    -0.490    -0.150    -0.860
 3     0.140    -0.980     0.090
 3    -0.860    -0.080     0.500
 4   121.370    16.252    -7.488
 4     0.660     0.740     0.100
 4    -0.710     0.570     0.410
 4     0.250    -0.350     0.900
 5   113.696    22.280    20.044
 5     0.030    -0.150    -0.990
 5     0.420     0.900    -0.120
 5     0.910    -0.410     0.090
 6   126.363    32.813    44.046
 6     0.440     0.250     0.860
 6    -0.860    -0.150     0.480
 6     0.250    -0.960     0.150
 7   121.919   -19.372    -8.498
 7     0.580    -0.790     0.210
 7     0.790     0.470    -0.400
 7     0.220     0.400     0.890
 8   114.932   -26.386    19.908
 8    -0.210     0.130    -0.970
 8    -0.410     0.890     0.210
 8     0.890     0.440    -0.140
 9   130.072   -34.844    42.313
 9     0.430    -0.110     0.890
 9     0.900     0.070    -0.430
 9    -0.020     0.990     0.130
 2    83.508    -4.081    58.751
 2     1.000    -0.060     0.020
 2     0.050     1.000    -0.000
 2    -0.020     0.000     1.000
 3   132.192    -0.366    -2.692
 3    -0.490    -0.150    -0.860
 3     0.140    -0.990     0.100
 3    -0.860    -0.080     0.500
 4   121.370    16.157    -7.532
 4     0.660     0.740     0.100
 4    -0.710     0.570     0.410
 4     0.250    -0.350     0.900
 5   113.744    22.233    20.002
 5     0.030    -0.150    -0.990
 5     0.420     0.900    -0.120
 5     0.910    -0.410     0.090
 6   126.310    32.764    44.049
 6     0.440     0.250     0.860
 6    -0.860    -0.150     0.480
 6     0.250    -0.960     0.150
 7   121.873   -19.463    -8.336
 7     0.570    -0.790     0.220
 7     0.790     0.460    -0.400
 7     0.210     0.410     0.890
 8   114.691   -26.379    20.128
 8    -0.210     0.130    -0.970
 8    -0.400     0.890     0.210
 8     0.890     0.430    -0.140
 9   130.026   -34.844    42.403
 9     0.430    -0.110     0.900
 9     0.900     0.070    -0.430
 9    -0.020     0.990     0.130
 2    83.507    -4.083    58.751
 2     1.000    -0.060     0.020
 2     0.060     1.000    -0.000
 2    -0.020     0.000     1.000
 3   132.141    -0.365    -2.644
 3    -0.490    -0.150    -0.860
 3     0.140    -0.990     0.100
 3    -0.860    -0.070     0.500
 4   121.370    16.157    -7.532
 4     0.660     0.740     0.100
 4    -0.710     0.570     0.410
 4     0.250    -0.350     0.900
 5   113.702    22.204    20.016
 5     0.030    -0.150    -0.990
 5     0.420     0.900    -0.120
 5     0.900    -0.420     0.090
 6   126.358    32.765    44.003
 6     0.440     0.250     0.860
 6    -0.860    -0.150     0.480
 6     0.250    -0.960     0.150
 7   121.764   -19.511    -8.272
 7     0.570    -0.790     0.230
 7     0.790     0.460    -0.400
 7     0.220     0.410     0.890
 8   114.583   -26.240    20.244
 8    -0.210     0.130    -0.970
 8    -0.390     0.900     0.210
 8     0.900     0.420    -0.140
 9   129.504   -34.785    42.747
 9     0.420    -0.110     0.900
 9     0.910     0.060    -0.420
 9    -0.010     0.990     0.120
 2    83.507    -4.083    58.751
 2     1.000    -0.060     0.020
 2     0.060     1.000    -0.000
 2    -0.020     0.000     1.000
 3   132.140    -0.413    -2.644
 3    -0.490    -0.150    -0.860
 3     0.140    -0.990     0.100
 3    -0.860    -0.070     0.500
 4   121.422    16.109    -7.532
 4     0.660     0.740     0.100
 4    -0.710     0.570     0.410
 4     0.250    -0.350     0.900
 5   113.701    22.205    19.973
 5     0.030    -0.150    -0.990
 5     0.420     0.900    -0.120
 5     0.900    -0.420     0.090
 6   126.251    32.765    44.009
 6     0.430     0.250     0.870
 6    -0.860    -0.160     0.480
 6     0.250    -0.960     0.150
 7   121.765   -19.559    -8.317
 7     0.570    -0.790     0.230
 7     0.790     0.450    -0.400
 7     0.220     0.410     0.890
 8   114.527   -26.143    20.156
 8    -0.210     0.130    -0.970
 8    -0.390     0.900     0.210
 8     0.900     0.420    -0.130
 9   129.291   -34.679    42.798
 9     0.420    -0.110     0.900
 9     0.910     0.060    -0.410
 9    -0.010     0.990     0.120
 2    83.509    -4.084    58.794
 2     1.000    -0.060     0.020
 2     0.060     1.000    -0.000
 2    -0.020     0.000     1.000
 3   132.251    -0.318    -2.650
 3    -0.490    -0.150    -0.860
 3     0.140    -0.990     0.100
 3    -0.860    -0.070     0.500
 4   121.524    16.203    -7.491
 4     0.660     0.740     0.110
 4    -0.710     0.570     0.410
 4     0.250    -0.350     0.900
 5   113.707    22.256    20.019
 5     0.040    -0.150    -0.990
 5     0.420     0.900    -0.120
 5     0.900    -0.410     0.100
