% Calibrated with leiden_pols
% Positions are in centimeters
Data =[
 2    83.555    -4.082    58.749
 2     1.000    -0.060     0.020
 2     0.050     1.000    -0.000
 2    -0.020     0.000     1.000
 3   134.181     0.809    -2.408
 3    -0.430    -0.150    -0.890
 3     0.160    -0.980     0.090
 3    -0.890    -0.100     0.440
 4   122.362    16.107    -8.623
 4     0.630     0.770     0.100
 4    -0.760     0.570     0.300
 4     0.170    -0.270     0.950
 5   121.063    22.706    20.670
 5    -0.280    -0.160    -0.950
 5     0.420     0.870    -0.270
 5     0.860    -0.470    -0.180
 6   141.007    34.893    39.115
 6     0.670     0.310     0.670
 6    -0.680    -0.110     0.730
 6     0.300    -0.950     0.140
 7   123.787   -17.498    -9.976
 7     0.600    -0.790     0.140
 7     0.780     0.540    -0.320
 7     0.180     0.310     0.940
 8   121.433   -26.661    19.149
 8    -0.430     0.120    -0.900
 8    -0.500     0.800     0.340
 8     0.760     0.590    -0.280
 9   141.676   -33.569    38.671
 9     0.620    -0.110     0.770
 9     0.770    -0.070    -0.630
 9     0.130     0.990     0.040
 2    83.553    -4.083    58.749
 2     1.000    -0.060     0.020
 2     0.060     1.000    -0.000
 2    -0.020     0.000     1.000
 3   134.235     0.759    -2.411
 3    -0.430    -0.150    -0.890
 3     0.160    -0.980     0.090
 3    -0.890    -0.100     0.440
 4   122.466    16.060    -8.713
 4     0.630     0.770     0.100
 4    -0.760     0.580     0.300
 4     0.170    -0.270     0.950
 5   121.113    22.754    20.581
 5    -0.280    -0.160    -0.950
 5     0.420     0.870    -0.270
 5     0.860    -0.470    -0.180
 6   141.120    34.951    38.961
 6     0.670     0.310     0.670
 6    -0.680    -0.110     0.730
 6     0.290    -0.950     0.140
 7   123.787   -17.498    -9.976
 7     0.600    -0.790     0.140
 7     0.780     0.540    -0.320
 7     0.180     0.310     0.940
 8   121.435   -26.708    19.148
 8    -0.420     0.120    -0.900
 8    -0.490     0.800     0.340
 8     0.760     0.590    -0.280
 9   141.743   -33.568    38.647
 9     0.620    -0.110     0.770
 9     0.770    -0.070    -0.630
 9     0.120     0.990     0.040
 2    83.554    -4.128    58.749
 2     1.000    -0.060     0.020
 2     0.060     1.000    -0.000
 2    -0.020     0.000     1.000
 3   134.235     0.760    -2.456
 3    -0.430    -0.150    -0.890
 3     0.160    -0.980     0.090
 3    -0.890    -0.100     0.440
 4   122.461    16.100    -8.696
 4     0.630     0.770     0.100
 4    -0.760     0.580     0.300
 4     0.180    -0.260     0.950
 5   121.163    22.753    20.581
 5    -0.280    -0.160    -0.950
 5     0.420     0.870    -0.270
 5     0.860    -0.470    -0.180
 6   141.224    35.000    38.826
 6     0.680     0.310     0.670
 6    -0.680    -0.100     0.730
 6     0.290    -0.950     0.140
 7   123.839   -17.500   -10.020
 7     0.600    -0.790     0.140
 7     0.780     0.540    -0.330
 7     0.180     0.300     0.930
 8   121.585   -26.714    19.104
 8    -0.430     0.120    -0.900
 8    -0.500     0.800     0.340
 8     0.760     0.590    -0.280
 9   141.845   -33.522    38.556
 9     0.620    -0.110     0.770
 9     0.770    -0.070    -0.630
 9     0.120     0.990     0.040
 2    83.553    -4.083    58.749
 2     1.000    -0.060     0.020
 2     0.060     1.000    -0.000
 2    -0.020     0.000     1.000
 3   134.291     0.759    -2.459
 3    -0.430    -0.150    -0.890
 3     0.160    -0.980     0.090
 3    -0.890    -0.100     0.440
 4   122.462    16.053    -8.740
 4     0.630     0.770     0.100
 4    -0.760     0.580     0.300
 4     0.180    -0.260     0.950
 5   121.166    22.799    20.548
 5    -0.280    -0.160    -0.950
 5     0.420     0.860    -0.270
 5     0.860    -0.480    -0.170
 6   141.176    34.817    38.856
 6     0.670     0.300     0.680
 6    -0.680    -0.100     0.720
 6     0.280    -0.950     0.140
 7   123.840   -17.547   -10.065
 7     0.600    -0.790     0.140
 7     0.780     0.540    -0.330
 7     0.180     0.300     0.930
 8   121.582   -26.763    19.108
 8    -0.430     0.120    -0.900
 8    -0.490     0.800     0.340
 8     0.760     0.590    -0.280
 9   141.953   -33.573    38.508
 9     0.630    -0.110     0.770
 9     0.770    -0.070    -0.630
 9     0.120     0.990     0.040
 2    83.556    -4.084    58.792
 2     1.000    -0.060     0.020
 2     0.060     1.000    -0.000
 2    -0.020     0.000     1.000
 3   134.288     0.810    -2.463
 3    -0.420    -0.150    -0.890
 3     0.160    -0.980     0.090
 3    -0.890    -0.110     0.440
 4   122.566    16.148    -8.743
 4     0.630     0.770     0.100
 4    -0.760     0.580     0.300
 4     0.180    -0.260     0.950
 5   121.060    22.744    20.656
 5    -0.260    -0.160    -0.950
 5     0.420     0.870    -0.260
 5     0.870    -0.470    -0.160
 6   140.833    34.585    39.423
 6     0.650     0.300     0.700
 6    -0.710    -0.090     0.700
 6     0.270    -0.950     0.150
 7   123.889   -17.549   -10.021
 7     0.600    -0.790     0.140
 7     0.780     0.540    -0.330
 7     0.180     0.300     0.940
 8   121.371   -26.661    18.993
 8    -0.410     0.120    -0.900
 8    -0.480     0.810     0.330
 8     0.770     0.570    -0.270
 9   141.630   -33.658    38.562
 9     0.620    -0.110     0.780
 9     0.770    -0.070    -0.630
 9     0.120     0.990     0.040
 2    83.557    -4.082    58.792
 2     1.000    -0.060     0.020
 2     0.050     1.000    -0.000
 2    -0.020     0.000     1.000
 3   134.397     0.759    -2.469
 3    -0.420    -0.150    -0.890
 3     0.160    -0.980     0.090
 3    -0.890    -0.110     0.440
 4   122.727    16.154    -8.764
 4     0.630     0.770     0.100
 4    -0.760     0.580     0.300
 4     0.170    -0.270     0.950
 5   120.494    22.647    20.559
 5    -0.240    -0.160    -0.960
 5     0.420     0.870    -0.250
 5     0.880    -0.460    -0.140
 6   139.761    34.580    39.867
 6     0.630     0.300     0.710
 6    -0.720    -0.090     0.680
 6     0.270    -0.950     0.160
 7   124.044   -17.555   -10.022
 7     0.600    -0.790     0.140
 7     0.780     0.540    -0.320
 7     0.180     0.300     0.940
 8   121.055   -26.607    18.988
 8    -0.390     0.130    -0.910
 8    -0.470     0.820     0.320
 8     0.790     0.560    -0.260
 9   140.717   -34.015    38.815
 9     0.600    -0.120     0.790
 9     0.790    -0.070    -0.610
 9     0.120     0.990     0.050
 2    83.557    -4.082    58.792
 2     1.000    -0.060     0.020
 2     0.050     1.000    -0.000
 2    -0.020     0.000     1.000
 3   134.453     0.806    -2.428
 3    -0.420    -0.150    -0.890
 3     0.160    -0.980     0.090
 3    -0.890    -0.110     0.440
 4   122.829    16.154    -8.722
 4     0.630     0.770     0.110
 4    -0.760     0.570     0.300
 4     0.170    -0.270     0.950
 5   119.683    22.746    20.541
 5    -0.210    -0.170    -0.960
 5     0.410     0.880    -0.240
 5     0.890    -0.440    -0.120
 6   138.254    34.997    40.343
 6     0.610     0.310     0.730
 6    -0.740    -0.100     0.660
 6     0.280    -0.940     0.170
 7   124.206   -17.460    -9.954
 7     0.600    -0.790     0.150
 7     0.780     0.540    -0.320
 7     0.170     0.310     0.940
 8   120.631   -26.406    18.941
 8    -0.370     0.140    -0.920
 8    -0.460     0.830     0.310
 8     0.810     0.540    -0.240
 9   139.926   -33.945    39.323
 9     0.580    -0.120     0.810
 9     0.810    -0.070    -0.590
 9     0.120     0.990     0.060
 2    83.557    -4.082    58.792
 2     1.000    -0.060     0.020
 2     0.050     1.000    -0.000
 2    -0.020     0.000     1.000
 3   134.565     0.808    -2.352
 3    -0.420    -0.150    -0.890
 3     0.170    -0.980     0.090
 3    -0.890    -0.110     0.440
 4   122.931    16.111    -8.607
 4     0.620     0.780     0.120
 4    -0.770     0.570     0.300
 4     0.160    -0.280     0.950
 5   119.270    22.548    20.537
 5    -0.190    -0.170    -0.970
 5     0.400     0.890    -0.230
 5     0.900    -0.430    -0.100
