% Calibrated with leiden_pols
% Positions are in centimeters
Data =[
 2    83.464    -4.098    58.618
 2     0.340     0.940     0.060
 2    -0.940     0.340    -0.020
 2    -0.040    -0.050     1.000
 3   124.930    -1.876    -4.095
 3    -0.350    -0.070    -0.930
 3     0.170    -0.980     0.010
 3    -0.920    -0.160     0.360
 4   111.821    18.041    -9.370
 4     0.620     0.720     0.310
 4    -0.740     0.410     0.530
 4     0.260    -0.560     0.790
 5   107.083    19.754    25.155
 5    -0.120    -0.190    -0.980
 5     0.050     0.980    -0.190
 5     0.990    -0.070    -0.110
 6   121.649    33.531    53.757
 6     0.320     0.250     0.910
 6    -0.940    -0.040     0.340
 6     0.120    -0.970     0.220
 7   113.449   -23.954   -10.604
 7     0.620    -0.750     0.220
 7     0.730     0.450    -0.510
 7     0.280     0.480     0.830
 8   107.977   -30.381    21.902
 8    -0.190     0.220    -0.960
 8    -0.510     0.810     0.290
 8     0.840     0.550    -0.040
 9   124.833   -35.051    52.549
 9     0.320     0.090     0.940
 9     0.910     0.230    -0.340
 9    -0.240     0.970    -0.010
 2    83.463    -4.051    58.618
 2     0.340     0.940     0.060
 2    -0.940     0.340    -0.020
 2    -0.040    -0.050     1.000
 3   124.930    -1.876    -4.050
 3    -0.350    -0.070    -0.930
 3     0.170    -0.980     0.010
 3    -0.920    -0.160     0.360
 4   111.771    18.041    -9.325
 4     0.620     0.720     0.310
 4    -0.740     0.410     0.530
 4     0.260    -0.560     0.790
 5   107.131    19.706    25.156
 5    -0.120    -0.190    -0.980
 5     0.050     0.980    -0.190
 5     0.990    -0.070    -0.110
 6   121.587    33.523    53.772
 6     0.320     0.250     0.910
 6    -0.940    -0.050     0.340
 6     0.130    -0.970     0.220
 7   113.448   -23.955   -10.559
 7     0.620    -0.750     0.230
 7     0.730     0.450    -0.510
 7     0.280     0.480     0.830
 8   107.929   -30.331    21.901
 8    -0.190     0.220    -0.960
 8    -0.510     0.810     0.290
 8     0.840     0.550    -0.040
 9   124.785   -35.099    52.594
 9     0.320     0.090     0.940
 9     0.910     0.220    -0.340
 9    -0.240     0.970    -0.010
 2    83.464    -4.098    58.618
 2     0.340     0.940     0.060
 2    -0.940     0.340    -0.020
 2    -0.040    -0.050     1.000
 3   124.930    -1.876    -4.095
 3    -0.350    -0.070    -0.930
 3     0.170    -0.980     0.010
 3    -0.920    -0.160     0.360
 4   111.771    18.041    -9.369
 4     0.620     0.720     0.310
 4    -0.740     0.410     0.530
 4     0.260    -0.560     0.790
 5   107.045    19.763    25.114
 5    -0.110    -0.190    -0.980
 5     0.050     0.980    -0.190
 5     0.990    -0.070    -0.100
 6   121.005    33.545    54.168
 6     0.310     0.260     0.910
 6    -0.920    -0.150     0.350
 6     0.230    -0.950     0.200
 7   113.449   -24.003   -10.559
 7     0.620    -0.750     0.230
 7     0.730     0.450    -0.510
 7     0.280     0.480     0.830
 8   107.929   -30.331    21.901
 8    -0.190     0.220    -0.960
 8    -0.510     0.810     0.290
 8     0.840     0.550    -0.040
 9   124.489   -34.950    52.765
 9     0.320     0.080     0.940
 9     0.920     0.190    -0.330
 9    -0.200     0.980    -0.020
 2    83.464    -4.098    58.618
 2     0.340     0.940     0.060
 2    -0.940     0.340    -0.020
 2    -0.040    -0.050     1.000
 3   124.930    -1.876    -4.050
 3    -0.350    -0.070    -0.930
 3     0.170    -0.980     0.010
 3    -0.920    -0.160     0.360
 4   111.821    18.042    -9.326
 4     0.620     0.720     0.310
 4    -0.740     0.410     0.530
 4     0.260    -0.560     0.790
 5   107.135    19.522    24.965
 5    -0.090    -0.190    -0.980
 5     0.040     0.980    -0.190
 5     0.990    -0.060    -0.080
 6   119.944    33.412    54.663
 6     0.290     0.280     0.910
 6    -0.860    -0.330     0.380
 6     0.410    -0.900     0.150
 7   113.449   -24.003   -10.559
 7     0.620    -0.750     0.230
 7     0.730     0.450    -0.510
 7     0.280     0.480     0.830
 8   107.633   -30.084    21.870
 8    -0.180     0.220    -0.960
 8    -0.500     0.820     0.280
 8     0.850     0.530    -0.030
 9   123.222   -35.131    53.671
 9     0.330     0.060     0.940
 9     0.940    -0.020    -0.330
 9    -0.000     1.000    -0.070
 2    83.464    -4.098    58.618
 2     0.340     0.940     0.060
 2    -0.940     0.340    -0.020
 2    -0.040    -0.050     1.000
 3   124.930    -1.876    -4.050
 3    -0.350    -0.070    -0.930
 3     0.170    -0.980     0.010
 3    -0.920    -0.160     0.360
 4   111.875    18.000    -9.339
 4     0.620     0.720     0.310
 4    -0.740     0.410     0.530
 4     0.250    -0.560     0.790
 5   107.024    19.372    24.995
 5    -0.060    -0.190    -0.980
 5     0.030     0.980    -0.190
 5     1.000    -0.040    -0.050
 6   118.741    33.369    55.076
 6     0.270     0.320     0.910
 6    -0.670    -0.620     0.420
 6     0.690    -0.720     0.040
 7   113.499   -24.005   -10.558
 7     0.620    -0.750     0.230
 7     0.740     0.450    -0.510
 7     0.280     0.480     0.830
 8   107.530   -29.515    21.970
 8    -0.160     0.220    -0.960
 8    -0.480     0.830     0.270
 8     0.860     0.510    -0.030
 9   121.574   -34.961    54.369
 9     0.350     0.000     0.940
 9     0.840    -0.440    -0.310
 9     0.410     0.900    -0.160
 2    83.464    -4.098    58.618
 2     0.340     0.940     0.060
 2    -0.940     0.340    -0.020
 2    -0.040    -0.050     1.000
 3   124.929    -1.973    -4.050
 3    -0.350    -0.070    -0.930
 3     0.170    -0.980     0.010
 3    -0.920    -0.160     0.360
 4   111.975    18.001    -9.385
 4     0.620     0.720     0.310
 4    -0.740     0.410     0.530
 4     0.250    -0.560     0.790
 5   107.772    19.775    25.567
 5    -0.060    -0.220    -0.970
 5    -0.050     0.970    -0.220
 5     1.000     0.040    -0.070
 6   117.482    34.289    55.095
 6     0.240     0.380     0.890
 6    -0.370    -0.810     0.450
 6     0.900    -0.440    -0.060
 7   113.498   -24.055   -10.468
 7     0.610    -0.750     0.230
 7     0.740     0.450    -0.510
 7     0.280     0.480     0.830
 8   107.561   -29.389    22.106
 8    -0.170     0.240    -0.960
 8    -0.440     0.850     0.290
 8     0.880     0.470    -0.040
 9   121.204   -36.537    54.236
 9     0.360    -0.070     0.930
 9     0.720    -0.610    -0.330
 9     0.590     0.790    -0.170
 2    83.464    -4.098    58.618
 2     0.340     0.940     0.060
 2    -0.940     0.340    -0.020
 2    -0.040    -0.050     1.000
 3   124.982    -1.974    -4.053
 3    -0.350    -0.070    -0.930
 3     0.170    -0.980     0.010
 3    -0.920    -0.160     0.350
 4   111.976    17.859    -9.472
 4     0.620     0.720     0.310
 4    -0.740     0.410     0.530
 4     0.250    -0.560     0.790
 5   107.743    20.185    25.164
 5    -0.050    -0.250    -0.970
 5    -0.120     0.960    -0.250
 5     0.990     0.100    -0.080
 6   116.766    35.715    54.602
 6     0.230     0.420     0.880
 6    -0.270    -0.840     0.470
 6     0.940    -0.340    -0.080
 7   113.547   -24.008   -10.514
 7     0.610    -0.750     0.230
 7     0.740     0.450    -0.510
 7     0.280     0.480     0.830
 8   107.495   -29.207    22.018
 8    -0.160     0.260    -0.950
 8    -0.390     0.870     0.310
 8     0.900     0.420    -0.040
 9   120.690   -37.939    53.839
 9     0.370    -0.120     0.920
 9     0.660    -0.670    -0.350
 9     0.660     0.740    -0.160
 2    83.464    -4.098    58.618
 2     0.340     0.940     0.060
 2    -0.940     0.340    -0.020
 2    -0.040    -0.050     1.000
 3   125.088    -1.975    -4.105
 3    -0.350    -0.070    -0.940
 3     0.170    -0.980     0.010
 3    -0.920    -0.160     0.350
 4   112.075    17.859    -9.518
 4     0.620     0.720     0.310
 4    -0.740     0.410     0.530
 4     0.250    -0.560     0.790
 5   107.630    20.838    24.932
 5    -0.040    -0.290    -0.960
 5    -0.170     0.940    -0.280
 5     0.980     0.150    -0.090
