% Calibrated with leiden_pols
% Positions are in centimeters
Data =[
 2    83.463    -4.051    58.618
 2     0.340     0.940     0.060
 2    -0.940     0.340    -0.020
 2    -0.040    -0.050     1.000
 3   126.108    -2.175    -4.833
 3    -0.350    -0.050    -0.940
 3     0.170    -0.990    -0.010
 3    -0.920    -0.160     0.350
 4   113.227    17.664   -10.103
 4     0.630     0.720     0.290
 4    -0.730     0.430     0.530
 4     0.260    -0.550     0.790
 5   107.609    19.462    24.073
 5    -0.030    -0.140    -0.990
 5     0.130     0.980    -0.150
 5     0.990    -0.130    -0.010
 6   118.692    29.091    55.639
 6     0.300     0.250     0.920
 6    -0.420    -0.830     0.360
 6     0.860    -0.490    -0.150
 7   115.221   -24.394   -10.867
 7     0.640    -0.730     0.250
 7     0.730     0.450    -0.520
 7     0.260     0.510     0.820
 8   109.249   -28.976    22.020
 8    -0.180     0.190    -0.970
 8    -0.500     0.830     0.250
 8     0.850     0.530    -0.060
 9   121.892   -33.279    54.857
 9     0.350     0.010     0.940
 9     0.720    -0.640    -0.260
 9     0.600     0.770    -0.230
 2    83.463    -4.051    58.618
 2     0.340     0.940     0.060
 2    -0.940     0.340    -0.020
 2    -0.040    -0.050     1.000
 3   126.108    -2.174    -4.747
 3    -0.340    -0.050    -0.940
 3     0.170    -0.990    -0.010
 3    -0.920    -0.160     0.340
 4   113.439    17.671   -10.338
 4     0.640     0.720     0.280
 4    -0.730     0.440     0.520
 4     0.250    -0.540     0.810
 5   107.806    19.516    23.823
 5    -0.020    -0.160    -0.990
 5     0.110     0.980    -0.160
 5     0.990    -0.110     0.000
 6   118.095    29.698    55.564
 6     0.280     0.270     0.920
 6    -0.370    -0.850     0.370
 6     0.890    -0.440    -0.140
 7   115.272   -24.349   -10.867
 7     0.630    -0.730     0.250
 7     0.730     0.450    -0.510
 7     0.260     0.510     0.820
 8   109.292   -28.937    22.175
 8    -0.180     0.190    -0.960
 8    -0.480     0.840     0.260
 8     0.860     0.510    -0.060
 9   122.189   -33.918    54.714
 9     0.350    -0.010     0.940
 9     0.700    -0.660    -0.270
 9     0.620     0.750    -0.220
 2    83.463    -4.051    58.618
 2     0.340     0.940     0.060
 2    -0.940     0.340    -0.020
 2    -0.040    -0.050     1.000
 3   126.134    -2.164    -4.715
 3    -0.340    -0.040    -0.940
 3     0.170    -0.990    -0.010
 3    -0.930    -0.160     0.340
 4   113.382    17.576   -10.202
 4     0.630     0.720     0.290
 4    -0.740     0.430     0.520
 4     0.250    -0.540     0.800
 5   107.505    19.190    24.053
 5    -0.010    -0.160    -0.990
 5     0.090     0.980    -0.160
 5     1.000    -0.090     0.000
 6   117.701    29.977    55.609
 6     0.280     0.280     0.920
 6    -0.350    -0.860     0.370
 6     0.890    -0.430    -0.140
 7   115.373   -24.448   -10.867
 7     0.630    -0.730     0.250
 7     0.730     0.450    -0.510
 7     0.260     0.510     0.820
 8   109.390   -29.180    22.224
 8    -0.190     0.200    -0.960
 8    -0.480     0.840     0.270
 8     0.860     0.510    -0.060
 9   122.321   -34.359    54.825
 9     0.350    -0.010     0.940
 9     0.710    -0.640    -0.270
 9     0.610     0.760    -0.210
 2    83.461    -4.097    58.574
 2     0.340     0.940     0.060
 2    -0.940     0.340    -0.020
 2    -0.040    -0.050     1.000
 3   126.080    -2.212    -4.712
 3    -0.340    -0.040    -0.940
 3     0.170    -0.990    -0.010
 3    -0.930    -0.160     0.340
 4   113.382    17.529   -10.201
 4     0.630     0.720     0.290
 4    -0.740     0.430     0.520
 4     0.250    -0.540     0.800
 5   107.489    18.825    24.126
 5    -0.020    -0.160    -0.990
 5     0.070     0.980    -0.160
 5     1.000    -0.070    -0.000
 6   117.645    29.637    55.654
 6     0.280     0.290     0.910
 6    -0.320    -0.870     0.370
 6     0.900    -0.400    -0.150
 7   115.373   -24.497   -10.867
 7     0.630    -0.730     0.250
 7     0.730     0.450    -0.510
 7     0.260     0.510     0.820
 8   109.339   -29.132    22.225
 8    -0.190     0.200    -0.960
 8    -0.470     0.840     0.270
 8     0.860     0.500    -0.060
 9   122.043   -34.587    54.795
 9     0.350    -0.030     0.940
 9     0.680    -0.680    -0.280
 9     0.640     0.730    -0.220
 2    83.461    -4.097    58.574
 2     0.340     0.940     0.060
 2    -0.940     0.340    -0.020
 2    -0.040    -0.050     1.000
 3   126.079    -2.213    -4.667
 3    -0.340    -0.050    -0.940
 3     0.170    -0.990    -0.010
 3    -0.930    -0.160     0.340
 4   113.332    17.576   -10.201
 4     0.630     0.720     0.290
 4    -0.740     0.430     0.520
 4     0.250    -0.540     0.800
 5   107.611    18.769    24.123
 5    -0.020    -0.150    -0.990
 5     0.060     0.990    -0.160
 5     1.000    -0.060    -0.010
 6   117.665    29.559    55.530
 6     0.280     0.300     0.910
 6    -0.270    -0.890     0.370
 6     0.920    -0.350    -0.160
 7   115.273   -24.540   -10.867
 7     0.630    -0.730     0.250
 7     0.730     0.450    -0.510
 7     0.260     0.510     0.820
 8   108.979   -28.419    22.267
 8    -0.190     0.200    -0.960
 8    -0.430     0.860     0.270
 8     0.880     0.460    -0.080
 9   121.587   -34.374    54.968
 9     0.360    -0.060     0.930
 9     0.600    -0.750    -0.280
 9     0.710     0.660    -0.230
 2    83.464    -4.098    58.618
 2     0.340     0.940     0.060
 2    -0.940     0.340    -0.020
 2    -0.040    -0.050     1.000
 3   125.733    -2.217    -4.855
 3    -0.350    -0.050    -0.940
 3     0.170    -0.980    -0.010
 3    -0.920    -0.160     0.350
 4   112.736    17.805   -10.266
 4     0.630     0.730     0.270
 4    -0.730     0.440     0.520
 4     0.260    -0.520     0.810
 5   107.363    18.422    24.168
 5    -0.030    -0.150    -0.990
 5     0.020     0.990    -0.150
 5     1.000    -0.030    -0.030
 6   117.585    29.391    55.392
 6     0.280     0.310     0.910
 6    -0.220    -0.900     0.370
 6     0.940    -0.300    -0.180
 7   114.514   -24.322   -10.894
 7     0.630    -0.740     0.240
 7     0.730     0.450    -0.520
 7     0.270     0.500     0.820
 8   108.773   -28.425    22.405
 8    -0.200     0.210    -0.960
 8    -0.400     0.880     0.280
 8     0.900     0.430    -0.090
 9   121.431   -35.220    54.479
 9     0.360    -0.090     0.930
 9     0.560    -0.780    -0.300
 9     0.750     0.620    -0.230
 2    83.464    -4.098    58.618
 2     0.340     0.940     0.060
 2    -0.940     0.340    -0.020
 2    -0.040    -0.050     1.000
 3   125.205    -2.010    -4.962
 3    -0.360    -0.060    -0.930
 3     0.180    -0.980    -0.000
 3    -0.920    -0.160     0.360
 4   112.027    17.887   -10.145
 4     0.630     0.730     0.270
 4    -0.730     0.430     0.540
 4     0.280    -0.530     0.800
 5   106.983    18.377    24.290
 5    -0.040    -0.150    -0.990
 5     0.010     0.990    -0.150
 5     1.000    -0.020    -0.040
 6   117.662    29.324    55.440
 6     0.280     0.310     0.910
 6    -0.210    -0.900     0.370
 6     0.930    -0.300    -0.190
 7   113.809   -24.156   -11.130
 7     0.630    -0.750     0.230
 7     0.720     0.450    -0.530
 7     0.290     0.490     0.820
 8   108.424   -28.458    22.058
 8    -0.210     0.230    -0.950
 8    -0.380     0.880     0.300
 8     0.900     0.420    -0.100
 9   121.575   -35.456    54.255
 9     0.370    -0.100     0.920
 9     0.550    -0.780    -0.300
 9     0.750     0.620    -0.230
 2    83.464    -4.098    58.618
 2     0.340     0.940     0.060
 2    -0.940     0.340    -0.020
 2    -0.040    -0.050     1.000
 3   125.044    -1.909    -5.087
 3    -0.360    -0.060    -0.930
 3     0.180    -0.980    -0.000
 3    -0.920    -0.170     0.370
 4   111.821    17.973   -10.043
 4     0.620     0.730     0.270
 4    -0.730     0.420     0.550
 4     0.290    -0.540     0.790
 5   106.906    18.284    24.268
 5    -0.050    -0.150    -0.990
 5     0.010     0.990    -0.150
 5     1.000    -0.010    -0.050
