% Calibrated with leiden_pols
% Positions are in centimeters
Data =[
 2    83.463    -4.051    58.618
 2     0.340     0.940     0.060
 2    -0.940     0.340    -0.020
 2    -0.040    -0.050     1.000
 3   127.265    -1.611    -5.370
 3    -0.270    -0.120    -0.960
 3     0.120    -0.990     0.090
 3    -0.960    -0.090     0.280
 4   111.936    14.503   -14.567
 4     0.610     0.760     0.230
 4    -0.730     0.430     0.530
 4     0.310    -0.490     0.810
 5   112.548    40.470     1.375
 5    -0.360    -0.910    -0.210
 5    -0.340     0.340    -0.880
 5     0.870    -0.240    -0.430
 6   146.742    48.068   -10.740
 6     0.940    -0.100    -0.310
 6     0.190     0.950     0.250
 6     0.270    -0.300     0.920
 7   113.039   -20.576   -14.228
 7     0.540    -0.810     0.240
 7     0.790     0.390    -0.460
 7     0.280     0.440     0.850
 8   112.577   -44.508     3.806
 8    -0.320     0.930    -0.160
 8     0.240     0.240     0.940
 8     0.920     0.260    -0.300
 9   145.722   -47.186    -8.847
 9     0.930     0.270    -0.240
 9    -0.280     0.960     0.030
 9     0.230     0.040     0.970
 2    83.463    -4.051    58.618
 2     0.340     0.940     0.060
 2    -0.940     0.340    -0.020
 2    -0.040    -0.050     1.000
 3   127.267    -1.608    -5.329
 3    -0.260    -0.120    -0.960
 3     0.120    -0.990     0.090
 3    -0.960    -0.090     0.280
 4   111.936    14.503   -14.567
 4     0.610     0.760     0.230
 4    -0.730     0.430     0.530
 4     0.310    -0.490     0.810
 5   112.646    40.471     1.331
 5    -0.360    -0.910    -0.210
 5    -0.340     0.340    -0.880
 5     0.870    -0.240    -0.430
 6   146.849    48.020   -10.654
 6     0.950    -0.100    -0.310
 6     0.190     0.950     0.250
 6     0.270    -0.300     0.920
 7   113.040   -20.624   -14.274
 7     0.540    -0.810     0.240
 7     0.790     0.390    -0.460
 7     0.280     0.440     0.850
 8   112.531   -44.502     3.799
 8    -0.310     0.940    -0.160
 8     0.240     0.240     0.940
 8     0.920     0.260    -0.300
 9   145.667   -47.183    -8.847
 9     0.930     0.270    -0.240
 9    -0.280     0.960     0.030
 9     0.230     0.040     0.970
 2    83.463    -4.051    58.618
 2     0.340     0.940     0.060
 2    -0.940     0.340    -0.020
 2    -0.040    -0.050     1.000
 3   127.265    -1.656    -5.374
 3    -0.260    -0.120    -0.960
 3     0.120    -0.990     0.090
 3    -0.960    -0.090     0.270
 4   111.937    14.503   -14.612
 4     0.610     0.760     0.230
 4    -0.730     0.430     0.530
 4     0.310    -0.490     0.810
 5   112.597    40.554     1.084
 5    -0.350    -0.910    -0.210
 5    -0.330     0.330    -0.880
 5     0.870    -0.250    -0.420
 6   146.915    47.852   -10.563
 6     0.950    -0.110    -0.290
 6     0.180     0.950     0.240
 6     0.250    -0.280     0.920
 7   112.990   -20.574   -14.228
 7     0.540    -0.810     0.240
 7     0.790     0.390    -0.460
 7     0.280     0.440     0.850
 8   112.284   -44.578     3.615
 8    -0.310     0.940    -0.160
 8     0.230     0.240     0.940
 8     0.920     0.250    -0.290
 9   145.608   -47.231    -8.626
 9     0.930     0.270    -0.230
 9    -0.270     0.960     0.030
 9     0.230     0.030     0.970
 2    83.463    -4.051    58.618
 2     0.340     0.940     0.060
 2    -0.940     0.340    -0.020
 2    -0.040    -0.050     1.000
 3   127.211    -1.704    -5.370
 3    -0.260    -0.120    -0.960
 3     0.120    -0.990     0.090
 3    -0.960    -0.090     0.270
 4   111.985    14.455   -14.613
 4     0.610     0.760     0.230
 4    -0.730     0.430     0.530
 4     0.310    -0.490     0.810
 5   112.532    40.482     1.157
 5    -0.350    -0.910    -0.210
 5    -0.320     0.330    -0.890
 5     0.880    -0.250    -0.410
 6   146.968    47.709   -10.560
 6     0.950    -0.110    -0.290
 6     0.190     0.950     0.240
 6     0.250    -0.280     0.930
 7   112.990   -20.622   -14.228
 7     0.540    -0.810     0.240
 7     0.800     0.390    -0.460
 7     0.280     0.440     0.850
 8   112.187   -44.666     3.566
 8    -0.310     0.940    -0.160
 8     0.230     0.240     0.940
 8     0.920     0.250    -0.290
 9   145.566   -47.270    -8.650
 9     0.930     0.270    -0.230
 9    -0.270     0.960     0.030
 9     0.220     0.030     0.970
 2    83.463    -4.051    58.618
 2     0.340     0.940     0.060
 2    -0.940     0.340    -0.020
 2    -0.040    -0.050     1.000
 3   127.211    -1.704    -5.370
 3    -0.260    -0.120    -0.960
 3     0.120    -0.990     0.090
 3    -0.960    -0.090     0.270
 4   111.937    14.455   -14.612
 4     0.610     0.760     0.230
 4    -0.730     0.430     0.530
 4     0.310    -0.490     0.810
 5   112.377    40.563     0.861
 5    -0.350    -0.910    -0.210
 5    -0.310     0.320    -0.890
 5     0.880    -0.250    -0.400
 6   147.390    47.747   -10.417
 6     0.960    -0.110    -0.260
 6     0.170     0.960     0.220
 6     0.220    -0.260     0.940
 7   112.941   -20.620   -14.272
 7     0.530    -0.810     0.240
 7     0.800     0.390    -0.460
 7     0.280     0.440     0.850
 8   111.596   -44.951     2.760
 8    -0.310     0.940    -0.150
 8     0.190     0.210     0.960
 8     0.930     0.270    -0.240
 9   145.669   -47.349    -8.024
 9     0.940     0.280    -0.170
 9    -0.280     0.960     0.020
 9     0.170     0.030     0.990
 2    83.417    -4.052    58.620
 2     0.340     0.940     0.060
 2    -0.940     0.340    -0.020
 2    -0.040    -0.050     1.000
 3   127.211    -1.704    -5.370
 3    -0.260    -0.120    -0.960
 3     0.120    -0.990     0.090
 3    -0.960    -0.090     0.270
 4   111.991    14.414   -14.669
 4     0.610     0.760     0.230
 4    -0.730     0.430     0.530
 4     0.300    -0.490     0.820
 5   112.100    40.469     0.435
 5    -0.350    -0.910    -0.210
 5    -0.280     0.320    -0.910
 5     0.890    -0.250    -0.370
 6   147.727    47.601    -9.331
 6     0.970    -0.110    -0.210
 6     0.160     0.960     0.220
 6     0.180    -0.250     0.950
 7   112.990   -20.623   -14.272
 7     0.530    -0.810     0.250
 7     0.800     0.380    -0.460
 7     0.280     0.440     0.860
 8   111.370   -44.968     2.876
 8    -0.300     0.940    -0.160
 8     0.160     0.210     0.960
 8     0.940     0.260    -0.210
 9   145.708   -47.377    -7.000
 9     0.950     0.290    -0.120
 9    -0.290     0.960     0.010
 9     0.120     0.020     0.990
 2    83.464    -4.098    58.618
 2     0.340     0.940     0.060
 2    -0.940     0.340    -0.020
 2    -0.040    -0.050     1.000
 3   127.157    -1.704    -5.278
 3    -0.260    -0.120    -0.960
 3     0.120    -0.990     0.090
 3    -0.960    -0.090     0.270
 4   112.138    14.365   -14.757
 4     0.600     0.760     0.230
 4    -0.740     0.430     0.520
 4     0.300    -0.490     0.820
 5   111.859    40.306     0.538
 5    -0.340    -0.910    -0.230
 5    -0.240     0.320    -0.920
 5     0.910    -0.260    -0.330
 6   148.139    47.582    -7.582
 6     0.980    -0.110    -0.140
 6     0.140     0.960     0.230
 6     0.110    -0.250     0.960
 7   113.043   -20.526   -14.286
 7     0.520    -0.810     0.250
 7     0.810     0.380    -0.450
 7     0.270     0.440     0.860
 8   110.981   -44.793     2.897
 8    -0.300     0.940    -0.180
 8     0.100     0.210     0.970
 8     0.950     0.270    -0.150
 9   145.988   -47.018    -4.627
 9     0.960     0.290    -0.030
 9    -0.290     0.960    -0.000
 9     0.030     0.010     1.000
 2    83.464    -4.098    58.618
 2     0.340     0.940     0.060
 2    -0.940     0.340    -0.020
 2    -0.040    -0.050     1.000
 3   127.210    -1.608    -5.282
 3    -0.260    -0.120    -0.960
 3     0.120    -0.990     0.090
 3    -0.960    -0.090     0.270
 4   112.297    14.417   -14.948
 4     0.600     0.760     0.230
 4    -0.740     0.430     0.510
 4     0.290    -0.480     0.830
 5   111.400    40.381    -0.052
 5    -0.330    -0.910    -0.240
 5    -0.180     0.310    -0.940
 5     0.930    -0.270    -0.260
