% Calibrated with leiden_pols
% Positions are in centimeters
Data =[
 2    83.464    -4.098    58.618
 2     0.340     0.940     0.060
 2    -0.940     0.350    -0.020
 2    -0.040    -0.050     1.000
 3   125.970    -2.113    -4.229
 3    -0.290    -0.030    -0.960
 3     0.120    -0.990    -0.010
 3    -0.950    -0.120     0.290
 4   114.307    18.137   -10.099
 4     0.650     0.660     0.370
 4    -0.740     0.430     0.520
 4     0.190    -0.610     0.770
 5   110.250    22.298    23.674
 5    -0.280    -0.280    -0.920
 5    -0.060     0.960    -0.280
 5     0.960    -0.030    -0.290
 6   145.590    30.116    24.509
 6     0.990     0.040    -0.150
 6     0.160    -0.150     0.980
 6     0.020    -0.990    -0.150
 7   114.831   -23.844   -10.985
 7     0.600    -0.740     0.300
 7     0.760     0.420    -0.490
 7     0.240     0.530     0.810
 8   109.414   -29.102    22.777
 8    -0.240     0.300    -0.920
 8    -0.190     0.920     0.350
 8     0.950     0.260    -0.170
 9   144.699   -32.054    22.091
 9     0.960     0.150    -0.230
 9    -0.240     0.060    -0.970
 9    -0.130     0.990     0.100
 2    83.418    -4.098    58.620
 2     0.340     0.940     0.060
 2    -0.940     0.350    -0.020
 2    -0.040    -0.050     1.000
 3   125.917    -2.009    -4.235
 3    -0.290    -0.030    -0.960
 3     0.130    -0.990    -0.010
 3    -0.950    -0.130     0.290
 4   114.009    18.326   -10.187
 4     0.650     0.660     0.370
 4    -0.730     0.430     0.530
 4     0.190    -0.610     0.760
 5   110.099    22.437    23.769
 5    -0.280    -0.280    -0.920
 5    -0.050     0.960    -0.280
 5     0.960    -0.030    -0.290
 6   145.589    30.165    24.465
 6     0.990     0.040    -0.150
 6     0.160    -0.150     0.980
 6     0.020    -0.990    -0.150
 7   114.830   -23.797   -11.030
 7     0.610    -0.740     0.300
 7     0.760     0.420    -0.490
 7     0.240     0.530     0.820
 8   109.365   -29.145    22.731
 8    -0.240     0.300    -0.920
 8    -0.190     0.920     0.350
 8     0.950     0.260    -0.170
 9   144.579   -31.996    21.964
 9     0.960     0.150    -0.240
 9    -0.250     0.060    -0.970
 9    -0.130     0.990     0.100
 2    83.464    -4.098    58.618
 2     0.340     0.940     0.060
 2    -0.940     0.350    -0.020
 2    -0.040    -0.050     1.000
 3   125.811    -1.861    -4.274
 3    -0.290    -0.030    -0.960
 3     0.130    -0.990    -0.010
 3    -0.950    -0.130     0.290
 4   113.958    18.326   -10.186
 4     0.650     0.660     0.370
 4    -0.730     0.430     0.530
 4     0.190    -0.610     0.760
 5   110.050    22.484    23.768
 5    -0.280    -0.280    -0.920
 5    -0.050     0.960    -0.280
 5     0.960    -0.030    -0.290
 6   145.479    30.216    24.464
 6     0.990     0.040    -0.150
 6     0.160    -0.150     0.980
 6     0.020    -0.990    -0.160
 7   114.883   -23.652   -11.046
 7     0.610    -0.730     0.300
 7     0.760     0.430    -0.490
 7     0.230     0.530     0.820
 8   109.461   -29.149    22.733
 8    -0.250     0.310    -0.920
 8    -0.200     0.910     0.360
 8     0.950     0.270    -0.170
 9   144.685   -31.794    21.631
 9     0.960     0.160    -0.250
 9    -0.260     0.060    -0.960
 9    -0.140     0.980     0.100
 2    83.464    -4.098    58.618
 2     0.340     0.940     0.060
 2    -0.940     0.350    -0.020
 2    -0.040    -0.050     1.000
 3   125.871    -1.758    -4.331
 3    -0.290    -0.030    -0.960
 3     0.140    -0.990    -0.010
 3    -0.950    -0.130     0.290
 4   113.901    18.365   -10.126
 4     0.650     0.670     0.370
 4    -0.740     0.420     0.530
 4     0.200    -0.610     0.760
 5   109.969    22.497    23.693
 5    -0.280    -0.280    -0.920
 5    -0.060     0.960    -0.270
 5     0.960    -0.020    -0.290
 6   145.481    30.362    24.419
 6     0.990     0.050    -0.150
 6     0.160    -0.150     0.980
 6     0.020    -0.990    -0.160
 7   114.984   -23.511   -11.137
 7     0.620    -0.730     0.300
 7     0.750     0.430    -0.490
 7     0.230     0.530     0.820
 8   109.740   -29.160    22.563
 8    -0.250     0.300    -0.920
 8    -0.200     0.910     0.360
 8     0.950     0.280    -0.170
 9   145.015   -31.506    21.375
 9     0.950     0.170    -0.250
 9    -0.260     0.050    -0.960
 9    -0.150     0.980     0.090
 2    83.464    -4.098    58.618
 2     0.340     0.940     0.060
 2    -0.940     0.350    -0.020
 2    -0.040    -0.050     1.000
 3   125.976    -1.662    -4.339
 3    -0.290    -0.030    -0.960
 3     0.140    -0.990    -0.010
 3    -0.950    -0.140     0.300
 4   113.951    18.461   -10.128
 4     0.650     0.670     0.370
 4    -0.740     0.420     0.530
 4     0.200    -0.610     0.760
 5   109.969    22.543    23.692
 5    -0.280    -0.280    -0.920
 5    -0.060     0.960    -0.270
 5     0.960    -0.020    -0.290
 6   145.487    30.458    24.459
 6     0.990     0.050    -0.150
 6     0.160    -0.160     0.970
 6     0.020    -0.990    -0.160
 7   115.034   -23.513   -11.182
 7     0.620    -0.730     0.300
 7     0.750     0.440    -0.490
 7     0.230     0.530     0.820
 8   109.843   -29.018    22.580
 8    -0.260     0.300    -0.920
 8    -0.210     0.910     0.360
 8     0.940     0.280    -0.170
 9   145.133   -31.261    21.346
 9     0.950     0.180    -0.250
 9    -0.260     0.050    -0.960
 9    -0.160     0.980     0.090
 2    83.464    -4.098    58.618
 2     0.340     0.940     0.060
 2    -0.940     0.350    -0.020
 2    -0.040    -0.050     1.000
 3   125.889    -1.628    -4.310
 3    -0.300    -0.030    -0.950
 3     0.140    -0.990    -0.010
 3    -0.940    -0.140     0.300
 4   113.954    18.461   -10.174
 4     0.650     0.670     0.370
 4    -0.730     0.420     0.530
 4     0.200    -0.610     0.760
 5   109.968    22.589    23.691
 5    -0.280    -0.280    -0.920
 5    -0.060     0.960    -0.270
 5     0.960    -0.020    -0.290
 6   145.430    30.458    24.462
 6     0.990     0.050    -0.150
 6     0.160    -0.160     0.970
 6     0.020    -0.990    -0.160
 7   115.034   -23.465   -11.182
 7     0.620    -0.730     0.290
 7     0.750     0.440    -0.490
 7     0.230     0.530     0.820
 8   109.843   -29.206    22.537
 8    -0.260     0.300    -0.920
 8    -0.210     0.910     0.360
 8     0.940     0.290    -0.170
 9   145.239   -31.108    21.056
 9     0.950     0.190    -0.260
 9    -0.270     0.050    -0.960
 9    -0.170     0.980     0.100
 2    83.464    -4.098    58.618
 2     0.340     0.940     0.060
 2    -0.940     0.340    -0.020
 2    -0.040    -0.050     1.000
 3   125.895    -1.674    -4.397
 3    -0.300    -0.040    -0.950
 3     0.140    -0.990    -0.000
 3    -0.940    -0.130     0.310
 4   113.904    18.461   -10.172
 4     0.650     0.670     0.360
 4    -0.730     0.430     0.530
 4     0.200    -0.610     0.770
 5   110.258    22.744    23.517
 5    -0.290    -0.280    -0.910
 5    -0.060     0.960    -0.280
 5     0.950    -0.030    -0.290
 6   145.663    30.373    24.430
 6     0.990     0.040    -0.150
 6     0.150    -0.160     0.970
 6     0.010    -0.990    -0.160
 7   114.832   -23.458   -11.181
 7     0.620    -0.730     0.290
 7     0.750     0.440    -0.490
 7     0.230     0.520     0.820
 8   109.999   -29.875    22.540
 8    -0.280     0.310    -0.910
 8    -0.220     0.900     0.380
 8     0.940     0.300    -0.180
 9   145.492   -30.060    20.704
 9     0.930     0.230    -0.280
 9    -0.290     0.010    -0.960
 9    -0.220     0.970     0.080
 2    83.464    -4.098    58.618
 2     0.340     0.940     0.060
 2    -0.940     0.350    -0.020
 2    -0.040    -0.050     1.000
 3   125.894    -1.918    -4.396
 3    -0.300    -0.050    -0.950
 3     0.140    -0.990     0.010
 3    -0.940    -0.130     0.310
 4   113.965    18.225   -10.526
 4     0.670     0.660     0.340
 4    -0.720     0.450     0.530
 4     0.200    -0.600     0.780
 5   111.854    23.604    24.152
 5    -0.330    -0.290    -0.900
 5     0.060     0.940    -0.330
 5     0.940    -0.160    -0.290
