% Calibrated with leiden_pols
% Positions are in centimeters
Data =[
 2    83.464    -4.098    58.618
 2     0.340     0.940     0.060
 2    -0.940     0.340    -0.020
 2    -0.040    -0.050     1.000
 3   125.788    -2.360    -4.332
 3    -0.300    -0.080    -0.950
 3     0.130    -0.990     0.040
 3    -0.940    -0.110     0.310
 4   112.915    17.316   -11.268
 4     0.610     0.730     0.320
 4    -0.770     0.440     0.460
 4     0.200    -0.530     0.830
 5   110.168    24.127    22.405
 5    -0.330    -0.340    -0.880
 5    -0.030     0.930    -0.350
 5     0.940    -0.090    -0.320
 6   146.278    29.792    20.435
 6     0.970    -0.050    -0.220
 6     0.210    -0.170     0.960
 6    -0.090    -0.980    -0.160
 7   114.638   -24.216   -10.644
 7     0.600    -0.720     0.340
 7     0.770     0.400    -0.500
 7     0.230     0.560     0.800
 8   109.443   -30.653    22.746
 8    -0.270     0.340    -0.900
 8    -0.220     0.890     0.400
 8     0.940     0.300    -0.160
 9   144.591   -31.132    20.254
 9     0.920     0.250    -0.300
 9    -0.300    -0.030    -0.950
 9    -0.240     0.970     0.040
 2    83.464    -4.098    58.618
 2     0.340     0.940     0.060
 2    -0.940     0.350    -0.020
 2    -0.040    -0.050     1.000
 3   125.842    -2.361    -4.335
 3    -0.300    -0.080    -0.950
 3     0.130    -0.990     0.040
 3    -0.940    -0.110     0.310
 4   113.069    17.228   -11.327
 4     0.610     0.720     0.320
 4    -0.770     0.450     0.460
 4     0.190    -0.530     0.830
 5   110.036    24.137    22.334
 5    -0.330    -0.350    -0.880
 5    -0.040     0.930    -0.360
 5     0.940    -0.080    -0.320
 6   146.048    29.835    20.677
 6     0.980    -0.050    -0.210
 6     0.200    -0.180     0.960
 6    -0.080    -0.980    -0.170
 7   114.792   -24.219   -10.616
 7     0.600    -0.720     0.340
 7     0.770     0.400    -0.500
 7     0.220     0.560     0.800
 8   109.496   -30.606    22.740
 8    -0.260     0.340    -0.900
 8    -0.220     0.890     0.400
 8     0.940     0.300    -0.160
 9   144.608   -30.985    20.402
 9     0.920     0.250    -0.290
 9    -0.290    -0.040    -0.950
 9    -0.250     0.970     0.040
 2    83.464    -4.098    58.618
 2     0.340     0.940     0.060
 2    -0.940     0.350    -0.020
 2    -0.040    -0.050     1.000
 3   125.899    -2.453    -4.302
 3    -0.300    -0.080    -0.950
 3     0.140    -0.990     0.050
 3    -0.940    -0.110     0.310
 4   113.271    17.134   -11.373
 4     0.610     0.730     0.320
 4    -0.770     0.450     0.460
 4     0.190    -0.520     0.830
 5   110.020    24.154    22.312
 5    -0.320    -0.350    -0.880
 5    -0.040     0.930    -0.360
 5     0.950    -0.080    -0.310
 6   146.049    29.837    20.720
 6     0.980    -0.050    -0.210
 6     0.190    -0.180     0.960
 6    -0.080    -0.980    -0.170
 7   114.992   -24.276   -10.527
 7     0.600    -0.720     0.350
 7     0.770     0.400    -0.500
 7     0.220     0.560     0.800
 8   109.594   -30.658    22.785
 8    -0.260     0.340    -0.900
 8    -0.220     0.890     0.390
 8     0.940     0.300    -0.160
 9   144.669   -31.040    20.532
 9     0.920     0.250    -0.290
 9    -0.290    -0.040    -0.960
 9    -0.250     0.970     0.040
 2    83.464    -4.098    58.618
 2     0.340     0.940     0.060
 2    -0.940     0.340    -0.020
 2    -0.040    -0.050     1.000
 3   126.006    -2.503    -4.263
 3    -0.300    -0.090    -0.950
 3     0.140    -0.990     0.050
 3    -0.940    -0.110     0.310
 4   113.321    17.134   -11.374
 4     0.610     0.730     0.320
 4    -0.770     0.450     0.460
 4     0.190    -0.520     0.830
 5   110.162    24.110    22.263
 5    -0.320    -0.350    -0.880
 5    -0.040     0.930    -0.360
 5     0.950    -0.080    -0.320
 6   146.160    29.886    20.670
 6     0.980    -0.040    -0.210
 6     0.190    -0.180     0.960
 6    -0.080    -0.980    -0.170
 7   115.092   -24.328   -10.527
 7     0.600    -0.720     0.350
 7     0.770     0.400    -0.500
 7     0.220     0.560     0.800
 8   109.682   -30.383    22.927
 8    -0.260     0.330    -0.910
 8    -0.210     0.900     0.390
 8     0.940     0.290    -0.160
 9   144.716   -31.047    20.598
 9     0.920     0.240    -0.290
 9    -0.290    -0.040    -0.960
 9    -0.240     0.970     0.030
 2    83.464    -4.098    58.618
 2     0.340     0.940     0.060
 2    -0.940     0.350    -0.020
 2    -0.040    -0.050     1.000
 3   126.059    -2.504    -4.266
 3    -0.300    -0.090    -0.950
 3     0.140    -0.990     0.050
 3    -0.940    -0.110     0.310
 4   113.421    17.087   -11.375
 4     0.610     0.720     0.320
 4    -0.770     0.450     0.460
 4     0.190    -0.520     0.830
 5   110.332    24.046    22.235
 5    -0.320    -0.350    -0.880
 5    -0.050     0.930    -0.360
 5     0.940    -0.080    -0.320
 6   146.220    30.028    20.584
 6     0.980    -0.040    -0.210
 6     0.200    -0.180     0.960
 6    -0.080    -0.980    -0.160
 7   115.042   -24.326   -10.527
 7     0.600    -0.720     0.350
 7     0.770     0.400    -0.500
 7     0.220     0.560     0.800
 8   109.533   -30.383    22.953
 8    -0.250     0.330    -0.910
 8    -0.200     0.900     0.390
 8     0.950     0.280    -0.160
 9   144.546   -31.582    20.543
 9     0.930     0.220    -0.300
 9    -0.300    -0.040    -0.950
 9    -0.230     0.970     0.030
 2    83.464    -4.098    58.618
 2     0.340     0.940     0.060
 2    -0.940     0.350    -0.020
 2    -0.040    -0.050     1.000
 3   126.113    -2.554    -4.269
 3    -0.300    -0.090    -0.950
 3     0.140    -0.990     0.050
 3    -0.940    -0.110     0.310
 4   113.472    17.087   -11.421
 4     0.610     0.720     0.320
 4    -0.770     0.450     0.450
 4     0.190    -0.520     0.830
 5   110.293    25.048    21.973
 5    -0.330    -0.370    -0.870
 5    -0.000     0.920    -0.390
 5     0.940    -0.130    -0.310
 6   146.606    30.114    20.353
 6     0.980    -0.090    -0.190
 6     0.180    -0.150     0.970
 6    -0.120    -0.980    -0.140
 7   115.043   -24.326   -10.571
 7     0.590    -0.720     0.350
 7     0.770     0.400    -0.490
 7     0.220     0.560     0.800
 8   109.675   -30.959    22.745
 8    -0.260     0.350    -0.900
 8    -0.190     0.890     0.410
 8     0.950     0.280    -0.170
 9   144.837   -31.578    20.045
 9     0.920     0.240    -0.310
 9    -0.300    -0.060    -0.950
 9    -0.250     0.970     0.010
 2    83.464    -4.098    58.618
 2     0.340     0.940     0.060
 2    -0.940     0.350    -0.020
 2    -0.040    -0.050     1.000
 3   126.059    -2.553    -4.266
 3    -0.300    -0.090    -0.950
 3     0.140    -0.990     0.050
 3    -0.940    -0.110     0.310
 4   113.423    17.183   -11.335
 4     0.620     0.720     0.310
 4    -0.760     0.460     0.460
 4     0.190    -0.530     0.830
 5   111.408    24.863    22.643
 5    -0.350    -0.350    -0.870
 5     0.060     0.910    -0.400
 5     0.930    -0.190    -0.300
 6   147.266    27.908    20.317
 6     0.970    -0.170    -0.180
 6     0.160    -0.150     0.980
 6    -0.200    -0.970    -0.120
 7   114.892   -24.367   -10.616
 7     0.600    -0.730     0.330
 7     0.770     0.410    -0.500
 7     0.220     0.550     0.800
 8   110.975   -32.311    22.383
 8    -0.320     0.350    -0.880
 8    -0.260     0.860     0.440
 8     0.910     0.370    -0.180
 9   145.806   -29.618    18.110
 9     0.870     0.350    -0.350
 9    -0.350    -0.080    -0.930
 9    -0.360     0.930     0.050
 2    83.463    -4.051    58.618
 2     0.340     0.940     0.060
 2    -0.940     0.340    -0.020
 2    -0.040    -0.050     1.000
 3   126.006    -2.554    -4.304
 3    -0.310    -0.100    -0.950
 3     0.140    -0.990     0.060
 3    -0.940    -0.110     0.320
 4   113.375    17.232   -11.293
 4     0.630     0.710     0.310
 4    -0.750     0.460     0.470
 4     0.190    -0.530     0.830
 5   112.169    25.269    22.549
 5    -0.370    -0.320    -0.870
 5     0.150     0.900    -0.400
 5     0.920    -0.280    -0.280
