% Calibrated with leiden_pols
% Positions are in centimeters
Data =[
 2    83.464    -4.098    58.618
 2     0.340     0.940     0.060
 2    -0.940     0.350    -0.020
 2    -0.040    -0.050     1.000
 3   139.895    -0.267    -3.409
 3    -0.040    -0.060    -1.000
 3     0.170    -0.980     0.050
 3    -0.980    -0.160     0.050
 4   129.337    19.344   -11.117
 4     0.560     0.690     0.460
 4    -0.830     0.420     0.370
 4     0.060    -0.590     0.800
 5   116.925    24.212    21.936
 5     0.080    -0.270    -0.960
 5     0.220     0.940    -0.250
 5     0.970    -0.190     0.140
 6   128.438    36.830    52.568
 6     0.260     0.210     0.940
 6    -0.940    -0.140     0.300
 6     0.190    -0.970     0.160
 7   130.825   -22.327   -12.346
 7     0.560    -0.710     0.430
 7     0.830     0.470    -0.300
 7     0.010     0.530     0.850
 8   117.200   -31.672    17.257
 8     0.020     0.400    -0.920
 8    -0.560     0.760     0.320
 8     0.830     0.510     0.240
 9   130.797   -38.525    49.382
 9     0.270     0.080     0.960
 9     0.940     0.180    -0.280
 9    -0.190     0.980    -0.020
 2    83.464    -4.098    58.618
 2     0.340     0.940     0.060
 2    -0.940     0.340    -0.020
 2    -0.040    -0.050     1.000
 3   139.950    -0.168    -3.417
 3    -0.040    -0.060    -1.000
 3     0.170    -0.980     0.050
 3    -0.980    -0.170     0.050
 4   129.338    19.391   -11.118
 4     0.560     0.690     0.460
 4    -0.830     0.420     0.370
 4     0.060    -0.590     0.800
 5   116.828    24.216    21.941
 5     0.080    -0.270    -0.960
 5     0.210     0.950    -0.250
 5     0.970    -0.180     0.140
 6   128.317    36.821    52.545
 6     0.260     0.210     0.940
 6    -0.940    -0.140     0.300
 6     0.200    -0.970     0.160
 7   130.878   -22.281   -12.391
 7     0.560    -0.710     0.430
 7     0.830     0.470    -0.300
 7     0.010     0.530     0.850
 8   117.199   -31.624    17.257
 8     0.020     0.400    -0.920
 8    -0.560     0.760     0.320
 8     0.830     0.510     0.240
 9   130.850   -38.478    49.380
 9     0.270     0.080     0.960
 9     0.940     0.180    -0.280
 9    -0.190     0.980    -0.020
 2    83.464    -4.098    58.618
 2     0.340     0.940     0.060
 2    -0.940     0.340    -0.020
 2    -0.040    -0.050     1.000
 3   139.949    -0.217    -3.373
 3    -0.040    -0.060    -1.000
 3     0.170    -0.980     0.050
 3    -0.980    -0.170     0.050
 4   129.338    19.440   -11.074
 4     0.560     0.690     0.460
 4    -0.830     0.420     0.370
 4     0.060    -0.590     0.800
 5   116.827    24.216    21.897
 5     0.080    -0.270    -0.960
 5     0.210     0.950    -0.250
 5     0.970    -0.180     0.140
 6   128.317    36.821    52.545
 6     0.260     0.210     0.940
 6    -0.940    -0.140     0.300
 6     0.200    -0.970     0.160
 7   130.876   -22.232   -12.347
 7     0.560    -0.710     0.430
 7     0.830     0.470    -0.300
 7     0.010     0.530     0.850
 8   117.101   -31.619    17.256
 8     0.020     0.400    -0.920
 8    -0.560     0.770     0.320
 8     0.830     0.510     0.240
 9   130.792   -38.474    49.338
 9     0.270     0.080     0.960
 9     0.940     0.180    -0.280
 9    -0.190     0.980    -0.020
 2    83.463    -4.051    58.618
 2     0.340     0.940     0.060
 2    -0.940     0.340    -0.020
 2    -0.040    -0.050     1.000
 3   139.893    -0.168    -3.281
 3    -0.040    -0.060    -1.000
 3     0.170    -0.980     0.050
 3    -0.980    -0.170     0.050
 4   129.339    19.440   -11.118
 4     0.560     0.690     0.460
 4    -0.830     0.420     0.370
 4     0.060    -0.590     0.800
 5   116.827    24.216    21.897
 5     0.080    -0.270    -0.960
 5     0.210     0.950    -0.250
 5     0.970    -0.180     0.140
 6   128.313    36.869    52.502
 6     0.260     0.210     0.940
 6    -0.940    -0.140     0.300
 6     0.200    -0.970     0.160
 7   130.876   -22.184   -12.347
 7     0.560    -0.710     0.430
 7     0.830     0.470    -0.300
 7     0.010     0.530     0.850
 8   117.051   -31.617    17.300
 8     0.020     0.400    -0.920
 8    -0.550     0.770     0.320
 8     0.830     0.500     0.240
 9   130.517   -38.464    49.413
 9     0.270     0.070     0.960
 9     0.940     0.170    -0.280
 9    -0.180     0.980    -0.020
 2    83.465    -4.052    58.662
 2     0.340     0.940     0.060
 2    -0.940     0.340    -0.020
 2    -0.040    -0.050     1.000
 3   139.840    -0.218    -3.273
 3    -0.040    -0.060    -1.000
 3     0.170    -0.980     0.050
 3    -0.980    -0.160     0.050
 4   129.285    19.392   -11.116
 4     0.560     0.690     0.460
 4    -0.830     0.420     0.370
 4     0.060    -0.590     0.800
 5   116.826    24.217    21.853
 5     0.080    -0.270    -0.960
 5     0.210     0.940    -0.250
 5     0.970    -0.180     0.140
 6   128.357    36.915    52.418
 6     0.260     0.220     0.940
 6    -0.940    -0.140     0.300
 6     0.200    -0.970     0.170
 7   130.875   -22.233   -12.303
 7     0.560    -0.710     0.440
 7     0.830     0.470    -0.300
 7     0.010     0.530     0.850
 8   116.943   -31.617    17.277
 8     0.020     0.400    -0.920
 8    -0.550     0.770     0.320
 8     0.840     0.500     0.240
 9   130.571   -38.559    49.365
 9     0.280     0.070     0.960
 9     0.940     0.170    -0.280
 9    -0.180     0.980    -0.020
 2    83.466    -4.099    58.662
 2     0.340     0.940     0.060
 2    -0.940     0.340    -0.020
 2    -0.040    -0.050     1.000
 3   139.840    -0.267    -3.317
 3    -0.040    -0.060    -1.000
 3     0.170    -0.980     0.050
 3    -0.980    -0.160     0.050
 4   129.285    19.392   -11.115
 4     0.560     0.690     0.460
 4    -0.830     0.420     0.370
 4     0.060    -0.590     0.810
 5   116.936    24.374    21.644
 5     0.100    -0.290    -0.950
 5     0.210     0.940    -0.260
 5     0.970    -0.170     0.160
 6   128.579    37.258    52.256
 6     0.270     0.220     0.940
 6    -0.940    -0.140     0.300
 6     0.190    -0.970     0.170
 7   130.874   -22.233   -12.258
 7     0.560    -0.710     0.440
 7     0.830     0.470    -0.300
 7     0.010     0.530     0.850
 8   116.896   -31.709    17.186
 8     0.030     0.400    -0.910
 8    -0.550     0.770     0.320
 8     0.840     0.490     0.240
 9   130.626   -38.611    49.363
 9     0.280     0.070     0.960
 9     0.940     0.170    -0.280
 9    -0.180     0.980    -0.020
 2    83.464    -4.098    58.618
 2     0.340     0.940     0.060
 2    -0.940     0.350    -0.020
 2    -0.040    -0.050     1.000
 3   139.923    -0.282    -3.509
 3    -0.040    -0.060    -1.000
 3     0.170    -0.980     0.050
 3    -0.990    -0.160     0.050
 4   129.285    19.296   -11.157
 4     0.560     0.690     0.460
 4    -0.830     0.420     0.370
 4     0.060    -0.590     0.810
 5   116.986    24.475    21.468
 5     0.110    -0.300    -0.950
 5     0.210     0.940    -0.270
 5     0.970    -0.170     0.170
 6   128.670    37.496    52.081
 6     0.260     0.230     0.940
 6    -0.950    -0.130     0.300
 6     0.190    -0.970     0.180
 7   130.825   -22.279   -12.346
 7     0.560    -0.710     0.430
 7     0.830     0.470    -0.300
 7     0.010     0.530     0.850
 8   116.905   -31.750    17.115
 8     0.040     0.410    -0.910
 8    -0.550     0.770     0.320
 8     0.830     0.490     0.250
 9   130.574   -38.753    49.322
 9     0.280     0.070     0.960
 9     0.940     0.170    -0.280
 9    -0.180     0.980    -0.020
 2    83.465    -4.052    58.662
 2     0.340     0.940     0.060
 2    -0.940     0.340    -0.020
 2    -0.040    -0.050     1.000
 3   140.090    -0.332    -3.564
 3    -0.040    -0.070    -1.000
 3     0.170    -0.980     0.060
 3    -0.990    -0.160     0.050
 4   129.393    19.295   -11.249
 4     0.560     0.690     0.460
 4    -0.830     0.420     0.370
 4     0.060    -0.590     0.810
 5   116.988    24.773    21.071
 5     0.130    -0.300    -0.940
 5     0.210     0.940    -0.270
 5     0.970    -0.160     0.180
