function th_nonlin3 = nonlin3

% Calibratie-data voor data uit Leiden van na 26-03-1998

th_nonlin3 = [   160.381794174719         -18.7888703273564          12.8764544120099
       -0.0247393229200728        0.0490233141122741        0.0401351414486285
       -0.0464742074982083       -0.0561691750281256        0.0154573903463909
        0.0225810846651952      -0.00721051491863028        0.0593275736837415
        -0.407145434307295       0.00733536863182023        -0.026189844656341
          4.19678198460885         0.551694563989632          3.74860810104259
          22.9491028834903          8.97785504084373          -30.546607433481
          2.78267684921071         -3.49800669700625          2.75167438257416
      0.000236043586898787    -3.08451870546317e-005    -1.78779886757222e-005
     3.74019321124682e-005      0.000104092419468663    -1.81972028606789e-005
    -1.99461442705894e-005     7.60554268217237e-007    -5.39497628744636e-005
      -0.00458218887165804     -0.000462640016424011      -0.00397647605657484
        -0.024361622730565       -0.0114333112539661        0.0382941795482562
      -0.00331427681627913       0.00298412470576441      -0.00194270988878431
      0.000196067517436355    -1.24342447221599e-005     1.78278662589016e-006
    -9.14822553077459e-006     5.17074728987598e-006     -5.0634553812838e-006
     -0.000425300894079712      -0.00149024941230874      -0.00345283598821529
       0.00188238696632632      -0.00599328514529165     -0.000893204211783133
      -0.00265455099675255      -0.00205672282449423     -0.000157879745717955
      0.000239606455345641    -1.59547787643701e-005    -1.19123589010551e-005
       0.00254680765143265       0.00469279456709076      -0.00232390307580325
      -0.00369323232082228        0.0017675018747687      -0.00285406187376918
       0.00217060737033865       0.00358947850287391      -0.00169915915007313
         0.253489003860297         0.395831517186366        -0.581575692087631
        -0.663980235256948        -0.749251533111888        -0.529735896323684
         0.270179044049326         0.420249607812412        -0.229425089292416
          1.20439448378804        -0.685904318769245        -0.892574673687399
        -0.262077246127982        0.0376377882085737        -0.776883765531431
        -0.475030781095249        -0.356450216505427         0.761413411260603];