% Calibrated with leiden_pols
% Positions are in centimeters
Data =[
 2    83.226    -4.152    58.955
 2     0.720     0.690     0.010
 2    -0.690     0.720    -0.040
 2    -0.030     0.020     1.000
 3   128.165    -2.400    -2.718
 3    -0.260    -0.150    -0.950
 3     0.050    -0.990     0.140
 3    -0.960    -0.010     0.270
 4   113.762    15.748    -7.969
 4     0.390     0.900     0.180
 4    -0.860     0.280     0.430
 4     0.340    -0.320     0.880
 5   111.089    17.238    24.215
 5    -0.190    -0.190    -0.960
 5     0.010     0.980    -0.200
 5     0.980    -0.050    -0.180
 6   119.525    28.028    48.095
 6     0.330     0.290     0.900
 6    -0.530    -0.730     0.430
 6     0.780    -0.620    -0.090
 7   116.185   -22.028    -7.436
 7     0.650    -0.740     0.150
 7     0.650     0.450    -0.610
 7     0.390     0.500     0.780
 8   113.233   -25.402    24.740
 8    -0.180     0.150    -0.970
 8    -0.190     0.960     0.190
 8     0.960     0.220    -0.150
 9   124.753   -33.757    47.576
 9     0.370    -0.120     0.920
 9     0.840    -0.390    -0.390
 9     0.410     0.910    -0.040
 2    83.182    -4.153    59.001
 2     0.720     0.690     0.010
 2    -0.690     0.720    -0.040
 2    -0.030     0.020     1.000
 3   128.057    -2.350    -2.667
 3    -0.260    -0.150    -0.950
 3     0.050    -0.990     0.140
 3    -0.960    -0.010     0.260
 4   113.764    15.797    -7.930
 4     0.400     0.900     0.180
 4    -0.850     0.290     0.430
 4     0.340    -0.330     0.880
 5   111.202    17.397    24.304
 5    -0.190    -0.190    -0.960
 5     0.020     0.980    -0.200
 5     0.980    -0.050    -0.190
 6   119.944    28.181    48.023
 6     0.340     0.290     0.890
 6    -0.530    -0.720     0.440
 6     0.770    -0.630    -0.090
 7   115.982   -21.973    -7.303
 7     0.650    -0.750     0.150
 7     0.650     0.440    -0.610
 7     0.390     0.490     0.770
 8   113.122   -25.356    24.754
 8    -0.190     0.150    -0.970
 8    -0.180     0.970     0.190
 8     0.960     0.210    -0.150
 9   124.689   -33.606    47.549
 9     0.380    -0.130     0.920
 9     0.830    -0.400    -0.390
 9     0.420     0.910    -0.050
 2    83.226    -4.152    58.955
 2     0.720     0.690     0.010
 2    -0.690     0.720    -0.040
 2    -0.030     0.020     1.000
 3   128.050    -2.360    -2.610
 3    -0.260    -0.150    -0.950
 3     0.040    -0.990     0.140
 3    -0.960    -0.010     0.260
 4   113.963    15.939    -7.845
 4     0.400     0.900     0.180
 4    -0.850     0.290     0.430
 4     0.340    -0.330     0.880
 5   111.159    17.394    24.374
 5    -0.190    -0.180    -0.960
 5     0.020     0.980    -0.190
 5     0.980    -0.060    -0.190
 6   119.851    28.086    48.156
 6     0.340     0.290     0.890
 6    -0.530    -0.730     0.440
 6     0.770    -0.630    -0.090
 7   115.931   -21.971    -7.347
 7     0.650    -0.750     0.150
 7     0.650     0.440    -0.610
 7     0.390     0.490     0.780
 8   113.014   -25.313    24.748
 8    -0.190     0.150    -0.970
 8    -0.180     0.970     0.190
 8     0.970     0.210    -0.150
 9   124.824   -33.664    47.553
 9     0.390    -0.140     0.910
 9     0.810    -0.430    -0.410
 9     0.450     0.890    -0.060
 2    83.229    -4.198    58.999
 2     0.720     0.690     0.010
 2    -0.690     0.720    -0.040
 2    -0.030     0.020     1.000
 3   128.204    -2.300    -2.616
 3    -0.260    -0.140    -0.960
 3     0.040    -0.990     0.140
 3    -0.970    -0.000     0.260
 4   114.217    15.945    -7.906
 4     0.400     0.900     0.190
 4    -0.850     0.290     0.430
 4     0.330    -0.330     0.880
 5   111.320    17.451    24.349
 5    -0.180    -0.190    -0.960
 5     0.000     0.980    -0.200
 5     0.980    -0.040    -0.180
 6   119.587    28.311    48.174
 6     0.330     0.290     0.900
 6    -0.530    -0.730     0.430
 6     0.780    -0.620    -0.090
 7   116.131   -21.931    -7.302
 7     0.640    -0.750     0.150
 7     0.650     0.440    -0.610
 7     0.390     0.490     0.770
 8   113.392   -25.148    24.815
 8    -0.180     0.160    -0.970
 8    -0.150     0.970     0.190
 8     0.970     0.180    -0.150
 9   124.017   -34.190    47.730
 9     0.370    -0.190     0.910
 9     0.690    -0.610    -0.400
 9     0.630     0.770    -0.100
 2    83.182    -4.153    59.001
 2     0.720     0.690     0.010
 2    -0.690     0.720    -0.040
 2    -0.030     0.020     1.000
 3   128.736    -2.564    -2.459
 3    -0.260    -0.150    -0.960
 3     0.030    -0.990     0.140
 3    -0.970     0.000     0.260
 4   115.023    15.857    -7.846
 4     0.410     0.890     0.190
 4    -0.850     0.300     0.430
 4     0.320    -0.340     0.880
 5   111.593    17.438    24.341
 5    -0.160    -0.200    -0.970
 5     0.000     0.980    -0.200
 5     0.990    -0.040    -0.160
 6   119.435    28.598    48.144
 6     0.310     0.300     0.900
 6    -0.560    -0.710     0.430
 6     0.770    -0.640    -0.060
 7   116.634   -22.240    -7.034
 7     0.640    -0.750     0.170
 7     0.660     0.430    -0.610
 7     0.390     0.500     0.770
 8   113.335   -25.257    25.001
 8    -0.170     0.170    -0.970
 8    -0.130     0.970     0.190
 8     0.980     0.160    -0.150
 9   123.671   -34.464    47.977
 9     0.350    -0.170     0.920
 9     0.740    -0.550    -0.390
 9     0.570     0.820    -0.060
 2    83.182    -4.153    59.001
 2     0.720     0.690     0.010
 2    -0.690     0.720    -0.040
 2    -0.030     0.020     1.000
 3   129.122    -2.468    -2.272
 3    -0.260    -0.150    -0.950
 3     0.040    -0.990     0.150
 3    -0.970    -0.000     0.260
 4   115.265    15.903    -7.627
 4     0.400     0.890     0.210
 4    -0.860     0.280     0.430
 4     0.320    -0.350     0.880
 5   112.339    17.632    25.480
 5    -0.150    -0.210    -0.970
 5    -0.040     0.980    -0.200
 5     0.990     0.000    -0.150
 6   118.833    28.140    48.787
 6     0.260     0.290     0.920
 6    -0.560    -0.730     0.390
 6     0.790    -0.610    -0.030
 7   117.292   -22.167    -6.919
 7     0.650    -0.740     0.180
 7     0.660     0.430    -0.610
 7     0.380     0.520     0.770
 8   113.153   -24.853    25.219
 8    -0.130     0.170    -0.980
 8    -0.080     0.980     0.180
 8     0.990     0.100    -0.110
 9   121.342   -33.771    48.792
 9     0.260    -0.160     0.950
 9     0.760    -0.580    -0.300
 9     0.600     0.800    -0.030
 2    83.183    -4.198    59.001
 2     0.720     0.690     0.010
 2    -0.690     0.720    -0.030
 2    -0.030     0.020     1.000
 3   128.920    -2.325    -2.230
 3    -0.260    -0.150    -0.950
 3     0.050    -0.990     0.140
 3    -0.960    -0.010     0.270
 4   114.953    15.896    -7.388
 4     0.390     0.890     0.220
 4    -0.860     0.270     0.430
 4     0.330    -0.360     0.870
 5   111.932    17.576    25.565
 5    -0.130    -0.210    -0.970
 5    -0.090     0.980    -0.200
 5     0.990     0.060    -0.150
 6   117.084    28.089    49.129
 6     0.210     0.290     0.930
 6    -0.540    -0.760     0.360
 6     0.820    -0.580    -0.000
 7   117.092   -22.111    -6.917
 7     0.640    -0.750     0.190
 7     0.670     0.420    -0.610
 7     0.380     0.520     0.770
 8   112.748   -24.461    25.408
 8    -0.120     0.180    -0.980
 8    -0.020     0.980     0.180
 8     0.990     0.040    -0.120
 9   119.772   -33.772    49.028
 9     0.220    -0.190     0.960
 9     0.670    -0.690    -0.290
 9     0.710     0.700    -0.030
 2    83.183    -4.198    59.001
 2     0.720     0.690     0.010
 2    -0.690     0.720    -0.040
 2    -0.030     0.020     1.000
 3   128.492    -2.310    -2.257
 3    -0.270    -0.160    -0.950
 3     0.060    -0.990     0.150
 3    -0.960    -0.010     0.280
 4   114.045    15.890    -7.270
 4     0.380     0.900     0.220
 4    -0.860     0.260     0.440
 4     0.340    -0.360     0.870
 5   111.656    17.325    25.570
 5    -0.140    -0.210    -0.970
 5    -0.110     0.970    -0.200
 5     0.980     0.080    -0.160
