% Calibrated with leiden_pols
% Positions are in centimeters
Data =[
 2    83.182    -4.153    59.001
 2     0.720     0.690     0.010
 2    -0.690     0.720    -0.040
 2    -0.030     0.020     1.000
 3   127.776    -3.152    -2.217
 3    -0.290    -0.130    -0.950
 3     0.030    -0.990     0.130
 3    -0.960     0.010     0.300
 4   114.336    15.693    -6.861
 4     0.410     0.880     0.230
 4    -0.840     0.260     0.480
 4     0.360    -0.390     0.850
 5   111.968    17.507    24.959
 5    -0.140    -0.190    -0.970
 5     0.090     0.980    -0.200
 5     0.990    -0.110    -0.120
 6   120.544    28.342    48.775
 6     0.280     0.170     0.940
 6    -0.890    -0.310     0.320
 6     0.350    -0.940     0.070
 7   115.161   -22.443    -6.282
 7     0.610    -0.770     0.170
 7     0.650     0.370    -0.660
 7     0.440     0.520     0.730
 8   112.511   -26.118    25.020
 8    -0.130     0.120    -0.980
 8    -0.350     0.920     0.160
 8     0.930     0.370    -0.080
 9   123.672   -32.346    48.356
 9     0.260     0.010     0.960
 9     0.960     0.010    -0.260
 9    -0.010     1.000    -0.010
 2    83.228    -4.153    58.999
 2     0.720     0.690     0.010
 2    -0.690     0.720    -0.040
 2    -0.030     0.020     1.000
 3   127.879    -3.163    -2.212
 3    -0.290    -0.130    -0.950
 3     0.020    -0.990     0.130
 3    -0.960     0.010     0.290
 4   114.437    15.646    -6.952
 4     0.410     0.880     0.230
 4    -0.840     0.270     0.480
 4     0.360    -0.390     0.850
 5   112.015    17.506    24.916
 5    -0.140    -0.190    -0.970
 5     0.090     0.980    -0.200
 5     0.990    -0.110    -0.120
 6   120.538    28.484    48.686
 6     0.280     0.170     0.940
 6    -0.890    -0.320     0.320
 6     0.350    -0.930     0.070
 7   115.261   -22.447    -6.281
 7     0.610    -0.770     0.170
 7     0.650     0.370    -0.660
 7     0.440     0.520     0.730
 8   112.457   -26.022    25.024
 8    -0.130     0.120    -0.980
 8    -0.330     0.930     0.160
 8     0.930     0.350    -0.080
 9   123.496   -32.441    48.456
 9     0.260     0.000     0.960
 9     0.960    -0.020    -0.260
 9     0.020     1.000    -0.010
 2    83.183    -4.198    59.001
 2     0.720     0.690     0.010
 2    -0.690     0.720    -0.040
 2    -0.030     0.020     1.000
 3   127.902    -3.222    -2.228
 3    -0.300    -0.130    -0.950
 3     0.020    -0.990     0.130
 3    -0.950     0.020     0.300
 4   114.641    15.599    -7.042
 4     0.420     0.880     0.220
 4    -0.840     0.280     0.480
 4     0.360    -0.380     0.850
 5   112.214    17.595    24.893
 5    -0.140    -0.190    -0.970
 5     0.090     0.970    -0.200
 5     0.990    -0.120    -0.120
 6   120.577    28.571    48.652
 6     0.280     0.180     0.940
 6    -0.890    -0.320     0.320
 6     0.360    -0.930     0.070
 7   115.311   -22.497    -6.236
 7     0.610    -0.770     0.170
 7     0.650     0.370    -0.660
 7     0.440     0.520     0.730
 8   112.500   -26.079    25.053
 8    -0.130     0.120    -0.980
 8    -0.330     0.930     0.160
 8     0.940     0.340    -0.080
 9   123.431   -32.538    48.491
 9     0.260    -0.000     0.960
 9     0.960    -0.040    -0.260
 9     0.040     1.000    -0.010
 2    83.226    -4.152    58.955
 2     0.720     0.690     0.010
 2    -0.690     0.720    -0.040
 2    -0.030     0.020     1.000
 3   128.153    -3.311    -2.318
 3    -0.300    -0.130    -0.950
 3     0.020    -0.990     0.130
 3    -0.960     0.020     0.300
 4   114.842    15.599    -7.046
 4     0.420     0.880     0.220
 4    -0.830     0.280     0.470
 4     0.360    -0.380     0.850
 5   112.409    17.638    24.850
 5    -0.140    -0.190    -0.970
 5     0.090     0.970    -0.200
 5     0.990    -0.120    -0.120
 6   120.732    28.572    48.645
 6     0.280     0.180     0.940
 6    -0.890    -0.320     0.320
 6     0.360    -0.930     0.070
 7   115.457   -22.554    -6.264
 7     0.610    -0.770     0.170
 7     0.650     0.370    -0.660
 7     0.450     0.520     0.730
 8   112.604   -26.123    24.981
 8    -0.130     0.120    -0.980
 8    -0.330     0.930     0.160
 8     0.930     0.350    -0.080
 9   123.420   -32.681    48.421
 9     0.260    -0.010     0.960
 9     0.960    -0.050    -0.260
 9     0.050     1.000    -0.010
 2    83.182    -4.153    59.001
 2     0.720     0.690     0.010
 2    -0.690     0.720    -0.040
 2    -0.030     0.020     1.000
 3   128.316    -3.361    -2.372
 3    -0.300    -0.130    -0.950
 3     0.020    -0.990     0.130
 3    -0.960     0.020     0.300
 4   114.896    15.606    -7.060
 4     0.420     0.880     0.220
 4    -0.830     0.280     0.470
 4     0.350    -0.380     0.850
 5   112.590    17.745    24.755
 5    -0.140    -0.190    -0.970
 5     0.100     0.970    -0.200
 5     0.980    -0.130    -0.110
 6   120.943    28.631    48.579
 6     0.270     0.170     0.950
 6    -0.900    -0.310     0.320
 6     0.350    -0.930     0.070
 7   115.556   -22.607    -6.309
 7     0.610    -0.770     0.170
 7     0.650     0.370    -0.660
 7     0.450     0.510     0.730
 8   112.608   -26.167    24.974
 8    -0.120     0.120    -0.990
 8    -0.340     0.930     0.160
 8     0.930     0.360    -0.070
 9   123.527   -32.731    48.314
 9     0.260    -0.000     0.960
 9     0.960    -0.040    -0.260
 9     0.040     1.000    -0.010
 2    83.226    -4.152    58.955
 2     0.720     0.690     0.010
 2    -0.690     0.720    -0.040
 2    -0.030     0.020     1.000
 3   128.316    -3.313    -2.329
 3    -0.290    -0.130    -0.950
 3     0.020    -0.990     0.130
 3    -0.960     0.020     0.290
 4   114.946    15.653    -7.061
 4     0.420     0.880     0.220
 4    -0.840     0.280     0.470
 4     0.350    -0.380     0.850
 5   112.540    17.746    24.755
 5    -0.140    -0.190    -0.970
 5     0.100     0.970    -0.200
 5     0.980    -0.130    -0.110
 6   120.941    28.537    48.581
 6     0.270     0.170     0.950
 6    -0.900    -0.310     0.320
 6     0.350    -0.930     0.070
 7   115.610   -22.606    -6.280
 7     0.610    -0.770     0.170
 7     0.650     0.370    -0.660
 7     0.440     0.510     0.730
 8   112.708   -26.265    24.885
 8    -0.120     0.120    -0.990
 8    -0.350     0.920     0.160
 8     0.930     0.360    -0.070
 9   123.630   -32.404    48.501
 9     0.260     0.000     0.960
 9     0.960    -0.050    -0.260
 9     0.050     1.000    -0.020
 2    83.226    -4.152    58.955
 2     0.720     0.690     0.010
 2    -0.690     0.720    -0.040
 2    -0.030     0.020     1.000
 3   128.316    -3.313    -2.329
 3    -0.290    -0.130    -0.950
 3     0.020    -0.990     0.130
 3    -0.960     0.020     0.290
 4   114.846    15.605    -7.059
 4     0.420     0.880     0.220
 4    -0.840     0.280     0.470
 4     0.350    -0.380     0.850
 5   112.420    17.558    24.844
 5    -0.140    -0.190    -0.970
 5     0.100     0.970    -0.200
 5     0.990    -0.130    -0.120
 6   120.676    28.332    48.745
 6     0.270     0.180     0.950
 6    -0.890    -0.340     0.320
 6     0.370    -0.930     0.060
 7   115.611   -22.605    -6.325
 7     0.610    -0.770     0.170
 7     0.650     0.370    -0.660
 7     0.440     0.510     0.730
 8   112.701   -26.267    24.891
 8    -0.130     0.120    -0.990
 8    -0.350     0.920     0.150
 8     0.930     0.360    -0.070
 9   123.139   -31.828    48.960
 9     0.270    -0.000     0.960
 9     0.950    -0.160    -0.270
 9     0.160     0.990    -0.040
 2    83.226    -4.152    58.955
 2     0.720     0.690     0.010
 2    -0.690     0.720    -0.040
 2    -0.030     0.020     1.000
 3   128.208    -3.361    -2.232
 3    -0.290    -0.130    -0.950
 3     0.020    -0.990     0.130
 3    -0.960     0.020     0.290
 4   114.636    15.598    -6.909
 4     0.410     0.880     0.230
 4    -0.840     0.270     0.470
 4     0.360    -0.390     0.850
 5   112.158    17.017    25.107
 5    -0.140    -0.190    -0.970
 5     0.030     0.980    -0.200
 5     0.990    -0.060    -0.130
