% Calibrated with leiden_pols
% Positions are in centimeters
Data =[
 2    83.182    -4.153    59.001
 2     0.720     0.690     0.010
 2    -0.690     0.720    -0.040
 2    -0.030     0.020     1.000
 3   125.502    -2.809    -2.853
 3    -0.260    -0.080    -0.960
 3    -0.030    -1.000     0.090
 3    -0.960     0.050     0.260
 4   110.650    12.788   -10.145
 4     0.400     0.920    -0.060
 4    -0.780     0.370     0.510
 4     0.490    -0.150     0.860
 5   109.054    37.901    -4.312
 5    -0.190    -0.980    -0.020
 5     0.020     0.020    -1.000
 5     0.980    -0.190     0.020
 6   137.272    49.689   -11.204
 6     0.990     0.120     0.030
 6    -0.120     0.990    -0.100
 6    -0.040     0.090     0.990
 7   109.916   -16.487   -11.355
 7     0.540    -0.820    -0.150
 7     0.640     0.530    -0.570
 7     0.550     0.210     0.810
 8   108.521   -42.588    -5.978
 8    -0.190     0.980     0.010
 8    -0.080    -0.020     1.000
 8     0.980     0.190     0.080
 9   137.394   -53.220   -12.004
 9     0.970    -0.200     0.130
 9     0.160     0.950     0.280
 9    -0.180    -0.250     0.950
 2    83.180    -4.152    58.958
 2     0.720     0.690     0.010
 2    -0.690     0.720    -0.040
 2    -0.030     0.020     1.000
 3   125.501    -2.809    -2.897
 3    -0.260    -0.080    -0.960
 3    -0.030    -1.000     0.090
 3    -0.960     0.050     0.260
 4   110.651    12.695   -10.145
 4     0.400     0.920    -0.060
 4    -0.780     0.370     0.510
 4     0.490    -0.150     0.860
 5   109.103    37.854    -4.355
 5    -0.190    -0.980    -0.020
 5     0.020     0.020    -1.000
 5     0.980    -0.190     0.020
 6   137.167    49.736   -11.378
 6     0.990     0.120     0.020
 6    -0.120     0.990    -0.100
 6    -0.040     0.090     0.990
 7   109.718   -16.529   -11.222
 7     0.540    -0.830    -0.140
 7     0.640     0.510    -0.570
 7     0.550     0.210     0.810
 8   107.841   -42.750    -5.664
 8    -0.180     0.980     0.000
 8    -0.060    -0.010     1.000
 8     0.980     0.170     0.060
 9   136.593   -53.813   -12.166
 9     0.970    -0.210     0.110
 9     0.180     0.950     0.260
 9    -0.160    -0.230     0.960
 2    83.183    -4.198    59.001
 2     0.720     0.690     0.010
 2    -0.690     0.720    -0.040
 2    -0.030     0.020     1.000
 3   125.499    -2.760    -2.896
 3    -0.270    -0.080    -0.960
 3    -0.030    -1.000     0.090
 3    -0.960     0.050     0.270
 4   110.699    12.788   -10.194
 4     0.400     0.910    -0.070
 4    -0.770     0.380     0.510
 4     0.490    -0.160     0.850
 5   108.283    37.569    -4.785
 5    -0.210    -0.980    -0.010
 5    -0.010     0.020    -1.000
 5     0.980    -0.210    -0.010
 6   137.480    49.647   -12.077
 6     0.990     0.120    -0.020
 6    -0.120     0.990    -0.090
 6     0.010     0.090     1.000
 7   109.426   -16.472   -11.133
 7     0.530    -0.840    -0.140
 7     0.650     0.500    -0.580
 7     0.550     0.210     0.810
 8   107.260   -42.681    -4.834
 8    -0.160     0.990    -0.010
 8    -0.010     0.000     1.000
 8     0.990     0.160     0.010
 9   135.707   -54.217   -12.483
 9     0.970    -0.230     0.060
 9     0.210     0.950     0.230
 9    -0.110    -0.210     0.970
 2    83.183    -4.198    59.001
 2     0.720     0.690     0.010
 2    -0.690     0.720    -0.040
 2    -0.030     0.020     1.000
 3   125.500    -2.857    -2.939
 3    -0.270    -0.080    -0.960
 3    -0.030    -1.000     0.090
 3    -0.960     0.050     0.270
 4   110.547    12.830   -10.092
 4     0.400     0.910    -0.070
 4    -0.770     0.380     0.520
 4     0.500    -0.160     0.850
 5   108.205    37.774    -4.146
 5    -0.200    -0.980    -0.020
 5    -0.070     0.030    -1.000
 5     0.980    -0.200    -0.080
 6   136.616    49.698   -13.090
 6     0.990     0.120    -0.100
 6    -0.120     0.990    -0.040
 6     0.090     0.060     0.990
 7   109.475   -16.472   -11.043
 7     0.530    -0.840    -0.140
 7     0.640     0.500    -0.580
 7     0.550     0.220     0.800
 8   108.201   -42.225    -4.221
 8    -0.170     0.990    -0.010
 8     0.060     0.020     1.000
 8     0.980     0.170    -0.070
 9   135.184   -54.031   -13.306
 9     0.970    -0.230    -0.040
 9     0.230     0.960     0.180
 9    -0.000    -0.180     0.980
 2    83.183    -4.198    59.001
 2     0.720     0.690     0.010
 2    -0.690     0.720    -0.040
 2    -0.030     0.020     1.000
 3   125.447    -2.809    -2.980
 3    -0.270    -0.080    -0.960
 3    -0.030    -0.990     0.090
 3    -0.960     0.050     0.270
 4   110.449    12.830   -10.046
 4     0.400     0.920    -0.070
 4    -0.770     0.370     0.520
 4     0.500    -0.160     0.850
 5   108.202    37.885    -3.817
 5    -0.200    -0.980    -0.010
 5    -0.160     0.050    -0.990
 5     0.970    -0.190    -0.170
 6   135.206    50.079   -14.510
 6     0.970     0.130    -0.210
 6    -0.130     0.990     0.010
 6     0.210     0.020     0.980
 7   109.472   -16.473   -10.909
 7     0.530    -0.840    -0.130
 7     0.640     0.490    -0.580
 7     0.550     0.220     0.800
 8   108.571   -42.065    -3.463
 8    -0.170     0.990    -0.020
 8     0.150     0.040     0.990
 8     0.970     0.160    -0.160
 9   134.428   -54.269   -14.555
 9     0.960    -0.240    -0.150
 9     0.250     0.960     0.110
 9     0.120    -0.140     0.980
 2    83.181    -4.197    58.958
 2     0.720     0.690     0.010
 2    -0.690     0.720    -0.040
 2    -0.030     0.020     1.000
 3   125.446    -2.760    -3.025
 3    -0.270    -0.090    -0.960
 3    -0.030    -0.990     0.100
 3    -0.960     0.050     0.270
 4   110.393    12.870   -10.031
 4     0.390     0.920    -0.070
 4    -0.770     0.360     0.530
 4     0.510    -0.160     0.850
 5   108.182    37.837    -3.628
 5    -0.190    -0.980    -0.010
 5    -0.220     0.050    -0.980
 5     0.960    -0.180    -0.220
 6   133.953    50.415   -15.767
 6     0.950     0.140    -0.280
 6    -0.140     0.990     0.030
 6     0.280     0.010     0.960
 7   109.473   -16.568   -10.819
 7     0.530    -0.840    -0.120
 7     0.650     0.490    -0.590
 7     0.550     0.230     0.800
 8   108.956   -42.036    -2.807
 8    -0.170     0.980    -0.020
 8     0.250     0.060     0.970
 8     0.950     0.160    -0.260
 9   133.160   -54.715   -16.142
 9     0.930    -0.240    -0.270
 9     0.260     0.960     0.030
 9     0.250    -0.100     0.960
 2    83.181    -4.197    58.958
 2     0.720     0.690     0.010
 2    -0.690     0.720    -0.040
 2    -0.030     0.020     1.000
 3   125.393    -2.809    -3.021
 3    -0.270    -0.090    -0.960
 3    -0.030    -0.990     0.100
 3    -0.960     0.050     0.270
 4   110.296    12.917    -9.985
 4     0.390     0.920    -0.070
 4    -0.770     0.360     0.530
 4     0.510    -0.150     0.840
 5   108.618    37.847    -3.403
 5    -0.200    -0.980     0.000
 5    -0.280     0.050    -0.960
 5     0.940    -0.190    -0.290
 6   132.737    50.337   -17.097
 6     0.920     0.150    -0.370
 6    -0.130     0.990     0.060
 6     0.380    -0.000     0.930
 7   109.473   -16.663   -10.773
 7     0.530    -0.840    -0.120
 7     0.650     0.490    -0.590
 7     0.550     0.230     0.800
 8   109.517   -42.041    -2.726
 8    -0.180     0.980    -0.010
 8     0.310     0.060     0.950
 8     0.930     0.170    -0.320
 9   132.518   -54.417   -17.265
 9     0.900    -0.240    -0.350
 9     0.250     0.970    -0.010
 9     0.350    -0.080     0.930
 2    83.182    -4.153    59.001
 2     0.720     0.690     0.010
 2    -0.690     0.720    -0.040
 2    -0.030     0.020     1.000
 3   125.378    -2.768    -2.999
 3    -0.270    -0.090    -0.960
 3    -0.020    -0.990     0.100
 3    -0.960     0.050     0.270
 4   110.341    12.864    -9.975
 4     0.390     0.920    -0.070
 4    -0.760     0.360     0.530
 4     0.520    -0.160     0.840
 5   109.119    38.013    -3.103
 5    -0.200    -0.980     0.010
 5    -0.360     0.060    -0.930
 5     0.910    -0.190    -0.360
