% Calibrated with leiden_pols
% Positions are in centimeters
Data =[
 2    83.183    -4.198    59.001
 2     0.720     0.690     0.010
 2    -0.690     0.720    -0.040
 2    -0.030     0.020     1.000
 3   127.083    -2.976    -2.425
 3    -0.310    -0.090    -0.950
 3     0.000    -1.000     0.090
 3    -0.950     0.020     0.310
 4   114.051    16.134    -6.501
 4     0.470     0.840     0.260
 4    -0.810     0.300     0.500
 4     0.350    -0.440     0.830
 5   120.702    28.011    20.793
 5    -0.520    -0.380    -0.770
 5     0.410     0.670    -0.610
 5     0.750    -0.630    -0.190
 6   150.438    23.279    19.178
 6     0.870    -0.480    -0.100
 6     0.160     0.080     0.980
 6    -0.470    -0.870     0.150
 7   113.062   -20.885    -7.780
 7     0.560    -0.810     0.130
 7     0.690     0.380    -0.620
 7     0.450     0.440     0.770
 8   115.903   -33.380    20.980
 8    -0.430     0.390    -0.810
 8    -0.390     0.730     0.560
 8     0.810     0.560    -0.160
 9   146.209   -30.108    22.973
 9     0.910     0.410    -0.010
 9     0.010    -0.030    -1.000
 9    -0.410     0.910    -0.040
 2    83.182    -4.153    59.001
 2     0.720     0.690     0.010
 2    -0.690     0.720    -0.040
 2    -0.030     0.020     1.000
 3   127.028    -2.976    -2.377
 3    -0.310    -0.090    -0.950
 3     0.000    -1.000     0.090
 3    -0.950     0.020     0.310
 4   114.049    16.230    -6.416
 4     0.470     0.840     0.260
 4    -0.810     0.300     0.500
 4     0.350    -0.450     0.820
 5   121.094    28.345    20.368
 5    -0.530    -0.370    -0.760
 5     0.450     0.640    -0.620
 5     0.720    -0.670    -0.170
 6   150.199    22.107    18.823
 6     0.830    -0.540    -0.090
 6     0.160     0.090     0.980
 6    -0.520    -0.840     0.160
 7   113.161   -20.840    -7.870
 7     0.570    -0.810     0.120
 7     0.680     0.390    -0.620
 7     0.450     0.440     0.780
 8   116.819   -33.823    20.324
 8    -0.460     0.380    -0.810
 8    -0.450     0.680     0.580
 8     0.770     0.620    -0.140
 9   146.786   -28.371    22.679
 9     0.870     0.490     0.010
 9     0.010    -0.010    -1.000
 9    -0.490     0.870    -0.020
 2    83.182    -4.153    59.001
 2     0.720     0.690     0.010
 2    -0.690     0.720    -0.040
 2    -0.030     0.020     1.000
 3   127.035    -3.016    -2.432
 3    -0.310    -0.090    -0.950
 3     0.010    -1.000     0.090
 3    -0.950     0.020     0.310
 4   114.051    16.231    -6.374
 4     0.480     0.840     0.260
 4    -0.810     0.310     0.510
 4     0.350    -0.450     0.820
 5   121.638    28.725    19.774
 5    -0.540    -0.370    -0.760
 5     0.490     0.600    -0.630
 5     0.690    -0.710    -0.140
 6   150.241    20.704    18.698
 6     0.790    -0.600    -0.080
 6     0.170     0.090     0.980
 6    -0.590    -0.790     0.170
 7   113.161   -20.888    -7.871
 7     0.580    -0.810     0.120
 7     0.680     0.390    -0.620
 7     0.450     0.440     0.780
 8   117.452   -34.214    20.065
 8    -0.470     0.370    -0.800
 8    -0.490     0.650     0.580
 8     0.730     0.670    -0.120
 9   147.185   -26.820    22.144
 9     0.830     0.560     0.010
 9     0.010    -0.000    -1.000
 9    -0.560     0.830    -0.010
 2    83.182    -4.153    59.001
 2     0.720     0.690     0.010
 2    -0.690     0.720    -0.040
 2    -0.030     0.020     1.000
 3   127.089    -2.919    -2.436
 3    -0.310    -0.090    -0.950
 3     0.010    -1.000     0.090
 3    -0.950     0.020     0.310
 4   114.204    16.279    -6.334
 4     0.490     0.840     0.260
 4    -0.800     0.310     0.510
 4     0.350    -0.450     0.820
 5   122.100    29.305    19.421
 5    -0.540    -0.360    -0.760
 5     0.530     0.550    -0.640
 5     0.650    -0.750    -0.100
 6   149.923    19.248    18.441
 6     0.740    -0.670    -0.070
 6     0.170     0.090     0.980
 6    -0.650    -0.740     0.180
 7   113.261   -20.891    -7.916
 7     0.580    -0.800     0.110
 7     0.670     0.400    -0.620
 7     0.450     0.440     0.780
 8   118.129   -34.936    19.327
 8    -0.490     0.360    -0.790
 8    -0.530     0.600     0.600
 8     0.690     0.720    -0.100
 9   147.163   -25.747    21.882
 9     0.780     0.630     0.020
 9     0.010     0.020    -1.000
 9    -0.630     0.780     0.010
 2    83.181    -4.197    58.958
 2     0.720     0.690     0.010
 2    -0.690     0.720    -0.040
 2    -0.030     0.020     1.000
 3   127.090    -2.918    -2.481
 3    -0.310    -0.080    -0.950
 3     0.010    -1.000     0.090
 3    -0.950     0.020     0.310
 4   114.304    16.327    -6.291
 4     0.490     0.830     0.250
 4    -0.800     0.310     0.510
 4     0.350    -0.450     0.820
 5   122.599    29.506    18.802
 5    -0.540    -0.360    -0.760
 5     0.580     0.500    -0.650
 5     0.610    -0.790    -0.070
 6   149.355    18.084    18.534
 6     0.680    -0.730    -0.050
 6     0.170     0.100     0.980
 6    -0.710    -0.680     0.190
 7   113.260   -20.891    -7.872
 7     0.590    -0.800     0.110
 7     0.670     0.410    -0.620
 7     0.450     0.440     0.780
 8   118.819   -35.609    18.657
 8    -0.500     0.360    -0.790
 8    -0.580     0.530     0.610
 8     0.640     0.770    -0.060
 9   146.627   -24.255    21.364
 9     0.710     0.700     0.040
 9     0.010     0.040    -1.000
 9    -0.700     0.710     0.020
 2    83.180    -4.152    58.958
 2     0.720     0.690     0.010
 2    -0.690     0.720    -0.040
 2    -0.030     0.020     1.000
 3   127.142    -2.871    -2.484
 3    -0.320    -0.080    -0.940
 3     0.010    -1.000     0.080
 3    -0.950     0.020     0.320
 4   114.359    16.333    -6.350
 4     0.490     0.830     0.250
 4    -0.800     0.320     0.510
 4     0.340    -0.450     0.820
 5   123.076    30.379    18.299
 5    -0.540    -0.360    -0.760
 5     0.620     0.440    -0.650
 5     0.560    -0.830    -0.020
 6   148.388    16.482    18.433
 6     0.610    -0.790    -0.030
 6     0.170     0.100     0.980
 6    -0.770    -0.600     0.200
 7   113.310   -20.939    -7.918
 7     0.600    -0.800     0.100
 7     0.660     0.420    -0.620
 7     0.450     0.440     0.780
 8   119.470   -36.040    18.054
 8    -0.500     0.350    -0.790
 8    -0.640     0.470     0.610
 8     0.580     0.810    -0.020
 9   146.116   -22.668    21.044
 9     0.640     0.770     0.050
 9     0.010     0.060    -1.000
 9    -0.770     0.640     0.030
 2    83.227    -4.197    58.956
 2     0.720     0.690     0.010
 2    -0.690     0.720    -0.030
 2    -0.030     0.020     1.000
 3   127.143    -2.871    -2.529
 3    -0.320    -0.080    -0.940
 3     0.010    -1.000     0.080
 3    -0.950     0.020     0.320
 4   114.411    16.380    -6.353
 4     0.500     0.830     0.250
 4    -0.800     0.320     0.510
 4     0.340    -0.450     0.820
 5   123.208    30.512    17.941
 5    -0.540    -0.350    -0.760
 5     0.650     0.400    -0.650
 5     0.530    -0.850     0.020
 6   147.746    15.748    18.515
 6     0.560    -0.830    -0.010
 6     0.160     0.100     0.980
 6    -0.810    -0.550     0.190
 7   113.361   -20.940    -8.007
 7     0.600    -0.800     0.100
 7     0.660     0.420    -0.620
 7     0.450     0.440     0.780
 8   119.738   -36.467    17.474
 8    -0.510     0.340    -0.790
 8    -0.660     0.430     0.610
 8     0.550     0.840     0.010
 9   145.362   -21.771    20.750
 9     0.580     0.810     0.050
 9     0.000     0.060    -1.000
 9    -0.820     0.580     0.030
 2    83.183    -4.198    59.001
 2     0.720     0.690     0.010
 2    -0.690     0.720    -0.040
 2    -0.030     0.020     1.000
 3   127.142    -2.872    -2.439
 3    -0.320    -0.080    -0.940
 3     0.010    -1.000     0.080
 3    -0.950     0.020     0.320
 4   114.411    16.334    -6.353
 4     0.500     0.830     0.250
 4    -0.800     0.320     0.510
 4     0.340    -0.450     0.820
 5   123.515    31.051    17.268
 5    -0.540    -0.350    -0.770
 5     0.690     0.340    -0.640
 5     0.480    -0.870     0.060
