% Calibrated with leiden_pols
% Positions are in centimeters
Data =[
 2    83.183    -4.198    59.001
 2     0.720     0.690     0.010
 2    -0.690     0.720    -0.040
 2    -0.030     0.020     1.000
 3   126.291    -3.194    -3.509
 3    -0.360    -0.140    -0.920
 3     0.010    -0.990     0.140
 3    -0.930     0.040     0.360
 4   111.670    14.757    -8.677
 4     0.430     0.900     0.100
 4    -0.790     0.320     0.520
 4     0.430    -0.300     0.850
 5   110.893    21.553    21.602
 5    -0.140    -0.270    -0.950
 5     0.330     0.900    -0.300
 5     0.930    -0.350    -0.040
 6   123.066    31.927    44.166
 6     0.320     0.160     0.930
 6    -0.930     0.230     0.280
 6    -0.170    -0.960     0.220
 7   111.472   -21.602    -7.520
 7     0.580    -0.810     0.100
 7     0.640     0.370    -0.680
 7     0.510     0.450     0.730
 8   110.004   -26.323    23.501
 8    -0.170     0.180    -0.970
 8    -0.240     0.950     0.220
 8     0.960     0.270    -0.120
 9   123.758   -34.302    45.390
 9     0.350    -0.070     0.930
 9     0.930     0.100    -0.340
 9    -0.070     0.990     0.100
 2    83.183    -4.198    59.001
 2     0.720     0.690     0.010
 2    -0.690     0.720    -0.030
 2    -0.030     0.020     1.000
 3   126.236    -3.582    -3.505
 3    -0.360    -0.140    -0.920
 3     0.010    -0.990     0.150
 3    -0.930     0.040     0.360
 4   111.524    14.428    -8.851
 4     0.430     0.900     0.090
 4    -0.790     0.320     0.520
 4     0.430    -0.300     0.850
 5   110.790    21.270    21.524
 5    -0.140    -0.270    -0.950
 5     0.320     0.900    -0.300
 5     0.930    -0.350    -0.040
 6   122.929    31.727    43.978
 6     0.320     0.170     0.930
 6    -0.930     0.230     0.280
 6    -0.160    -0.960     0.230
 7   111.325   -21.835    -7.431
 7     0.580    -0.810     0.100
 7     0.640     0.370    -0.680
 7     0.510     0.450     0.730
 8   109.814   -26.316    23.585
 8    -0.170     0.180    -0.970
 8    -0.240     0.950     0.210
 8     0.960     0.270    -0.120
 9   123.131   -34.091    45.650
 9     0.340    -0.060     0.940
 9     0.940     0.090    -0.330
 9    -0.060     0.990     0.090
 2    83.183    -4.198    59.001
 2     0.720     0.690     0.010
 2    -0.690     0.720    -0.040
 2    -0.030     0.020     1.000
 3   126.290    -3.582    -3.552
 3    -0.360    -0.140    -0.920
 3     0.010    -0.990     0.150
 3    -0.930     0.040     0.350
 4   111.673    14.332    -8.892
 4     0.430     0.900     0.100
 4    -0.800     0.320     0.510
 4     0.430    -0.290     0.850
 5   110.780    21.154    21.511
 5    -0.140    -0.270    -0.950
 5     0.320     0.900    -0.300
 5     0.940    -0.350    -0.040
 6   122.920    31.632    43.893
 6     0.320     0.170     0.930
 6    -0.930     0.220     0.280
 6    -0.160    -0.960     0.230
 7   111.675   -21.939    -7.401
 7     0.580    -0.810     0.110
 7     0.640     0.370    -0.680
 7     0.500     0.460     0.730
 8   109.915   -26.264    23.598
 8    -0.170     0.170    -0.970
 8    -0.250     0.940     0.210
 8     0.950     0.280    -0.110
 9   123.362   -33.768    45.785
 9     0.330    -0.050     0.940
 9     0.940     0.100    -0.330
 9    -0.080     0.990     0.080
 2    83.183    -4.198    59.001
 2     0.720     0.690     0.010
 2    -0.690     0.720    -0.040
 2    -0.030     0.020     1.000
 3   126.425    -3.529    -3.444
 3    -0.350    -0.140    -0.930
 3     0.010    -0.990     0.150
 3    -0.940     0.040     0.350
 4   111.970    14.573    -8.735
 4     0.430     0.900     0.110
 4    -0.800     0.320     0.510
 4     0.420    -0.300     0.850
 5   110.416    22.139    21.119
 5    -0.120    -0.290    -0.950
 5     0.340     0.880    -0.320
 5     0.930    -0.360    -0.010
 6   122.460    32.730    43.624
 6     0.310     0.180     0.930
 6    -0.930     0.250     0.270
 6    -0.180    -0.950     0.240
 7   111.772   -21.800    -7.400
 7     0.580    -0.810     0.110
 7     0.640     0.370    -0.670
 7     0.500     0.460     0.730
 8   109.784   -26.716    23.219
 8    -0.150     0.190    -0.970
 8    -0.270     0.940     0.230
 8     0.950     0.290    -0.090
 9   123.523   -34.527    45.303
 9     0.350    -0.060     0.940
 9     0.930     0.130    -0.340
 9    -0.100     0.990     0.100
 2    83.183    -4.198    59.001
 2     0.720     0.690     0.010
 2    -0.690     0.720    -0.040
 2    -0.030     0.020     1.000
 3   126.748    -3.295    -3.285
 3    -0.340    -0.140    -0.930
 3     0.010    -0.990     0.150
 3    -0.940     0.040     0.340
 4   112.364    14.713    -8.786
 4     0.430     0.900     0.120
 4    -0.800     0.320     0.510
 4     0.420    -0.310     0.850
 5   108.819    23.702    20.174
 5    -0.040    -0.340    -0.940
 5     0.410     0.850    -0.320
 5     0.910    -0.400     0.100
 6   119.570    34.775    43.036
 6     0.260     0.190     0.950
 6    -0.930     0.310     0.190
 6    -0.260    -0.930     0.260
 7   112.217   -21.626    -7.488
 7     0.580    -0.810     0.120
 7     0.650     0.360    -0.670
 7     0.500     0.470     0.730
 8   108.887   -27.175    22.680
 8    -0.100     0.220    -0.970
 8    -0.290     0.930     0.240
 8     0.950     0.300    -0.030
 9   121.714   -35.932    44.887
 9     0.320    -0.080     0.950
 9     0.940     0.160    -0.300
 9    -0.130     0.980     0.130
 2    83.183    -4.198    59.001
 2     0.720     0.690     0.010
 2    -0.690     0.720    -0.040
 2    -0.030     0.020     1.000
 3   127.072    -3.155    -3.260
 3    -0.330    -0.140    -0.930
 3     0.010    -0.990     0.140
 3    -0.940     0.040     0.330
 4   112.810    14.812    -8.757
 4     0.420     0.900     0.130
 4    -0.810     0.310     0.500
 4     0.410    -0.310     0.860
 5   107.100    24.456    19.078
 5     0.040    -0.370    -0.930
 5     0.420     0.850    -0.320
 5     0.910    -0.380     0.200
 6   115.142    36.311    42.759
 6     0.180     0.220     0.960
 6    -0.940     0.310     0.100
 6    -0.280    -0.920     0.260
 7   112.614   -21.639    -7.678
 7     0.570    -0.810     0.120
 7     0.660     0.360    -0.660
 7     0.490     0.460     0.740
 8   107.327   -27.921    21.584
 8    -0.020     0.250    -0.970
 8    -0.310     0.920     0.240
 8     0.950     0.310     0.060
 9   118.047   -36.980    44.720
 9     0.240    -0.100     0.970
 9     0.960     0.180    -0.220
 9    -0.160     0.980     0.140
 2    83.183    -4.198    59.001
 2     0.720     0.690     0.010
 2    -0.690     0.720    -0.030
 2    -0.030     0.020     1.000
 3   127.504    -3.064    -3.285
 3    -0.330    -0.130    -0.940
 3     0.010    -0.990     0.140
 3    -0.940     0.040     0.330
 4   113.456    14.957    -8.821
 4     0.410     0.900     0.140
 4    -0.820     0.300     0.490
 4     0.400    -0.320     0.860
 5   105.483    25.216    17.615
 5     0.130    -0.390    -0.910
 5     0.470     0.830    -0.280
 5     0.870    -0.390     0.290
 6   111.063    37.098    42.231
 6     0.090     0.220     0.970
 6    -0.940     0.330     0.010
 6    -0.320    -0.920     0.240
 7   113.153   -21.186    -7.940
 7     0.550    -0.820     0.120
 7     0.670     0.360    -0.650
 7     0.490     0.440     0.750
 8   105.570   -28.322    19.940
 8     0.060     0.270    -0.960
 8    -0.350     0.910     0.230
 8     0.940     0.320     0.150
 9   113.854   -37.842    44.014
 9     0.160    -0.120     0.980
 9     0.970     0.200    -0.130
 9    -0.180     0.970     0.140
 2    83.183    -4.198    59.001
 2     0.720     0.690     0.010
 2    -0.690     0.720    -0.040
 2    -0.030     0.020     1.000
 3   127.906    -3.023    -3.145
 3    -0.320    -0.130    -0.940
 3     0.000    -0.990     0.130
 3    -0.950     0.040     0.320
 4   114.006    15.196    -8.883
 4     0.400     0.900     0.150
 4    -0.830     0.290     0.480
 4     0.390    -0.310     0.870
 5   104.195    25.351    16.584
 5     0.210    -0.400    -0.890
 5     0.470     0.840    -0.260
 5     0.860    -0.360     0.360
