% Calibrated with leiden_pols
% Positions are in centimeters
Data =[
 2    83.226    -4.152    58.955
 2     0.720     0.690     0.010
 2    -0.690     0.720    -0.040
 2    -0.030     0.020     1.000
 3   128.589    -1.900    -2.099
 3    -0.260    -0.090    -0.960
 3     0.030    -1.000     0.080
 3    -0.960    -0.000     0.260
 4   115.267    16.623    -7.176
 4     0.420     0.870     0.250
 4    -0.850     0.290     0.440
 4     0.310    -0.400     0.860
 5   113.413    21.228    24.095
 5    -0.180    -0.210    -0.960
 5     0.390     0.880    -0.270
 5     0.900    -0.430    -0.080
 6   126.378    29.645    46.767
 6     0.380     0.050     0.920
 6    -0.920     0.120     0.370
 6    -0.090    -0.990     0.090
 7   115.369   -20.475    -8.127
 7     0.590    -0.790     0.150
 7     0.700     0.410    -0.580
 7     0.400     0.450     0.800
 8   111.784   -26.378    22.799
 8    -0.140     0.190    -0.970
 8    -0.400     0.890     0.230
 8     0.910     0.420    -0.050
 9   125.252   -32.968    45.378
 9     0.340    -0.010     0.940
 9     0.930     0.130    -0.340
 9    -0.120     0.990     0.050
 2    83.182    -4.153    59.001
 2     0.720     0.690     0.010
 2    -0.690     0.720    -0.040
 2    -0.030     0.020     1.000
 3   128.582    -2.006    -2.130
 3    -0.260    -0.090    -0.960
 3     0.020    -1.000     0.080
 3    -0.960    -0.000     0.260
 4   115.267    16.575    -7.176
 4     0.420     0.870     0.250
 4    -0.850     0.290     0.440
 4     0.310    -0.400     0.860
 5   113.267    21.419    24.013
 5    -0.180    -0.220    -0.960
 5     0.390     0.880    -0.270
 5     0.900    -0.420    -0.070
 6   126.272    29.879    46.731
 6     0.380     0.050     0.920
 6    -0.920     0.120     0.370
 6    -0.090    -0.990     0.100
 7   115.320   -20.424    -8.038
 7     0.590    -0.790     0.160
 7     0.700     0.410    -0.590
 7     0.400     0.460     0.790
 8   111.731   -26.425    22.802
 8    -0.140     0.190    -0.970
 8    -0.390     0.890     0.230
 8     0.910     0.410    -0.040
 9   125.147   -33.298    45.295
 9     0.340    -0.020     0.940
 9     0.930     0.140    -0.340
 9    -0.120     0.990     0.060
 2    83.180    -4.152    58.958
 2     0.720     0.690     0.010
 2    -0.690     0.720    -0.030
 2    -0.030     0.020     1.000
 3   128.527    -2.006    -2.082
 3    -0.260    -0.090    -0.960
 3     0.020    -1.000     0.080
 3    -0.960    -0.000     0.260
 4   115.116    16.670    -7.085
 4     0.420     0.870     0.250
 4    -0.850     0.280     0.440
 4     0.310    -0.400     0.860
 5   112.959    21.355    24.034
 5    -0.180    -0.220    -0.960
 5     0.380     0.880    -0.280
 5     0.910    -0.410    -0.080
 6   125.734    30.249    46.728
 6     0.380     0.060     0.920
 6    -0.920     0.110     0.370
 6    -0.080    -0.990     0.100
 7   115.221   -20.468    -8.038
 7     0.590    -0.790     0.160
 7     0.700     0.400    -0.590
 7     0.400     0.460     0.790
 8   111.583   -26.370    22.712
 8    -0.140     0.200    -0.970
 8    -0.390     0.890     0.240
 8     0.910     0.410    -0.040
 9   124.987   -33.387    45.258
 9     0.340    -0.020     0.940
 9     0.930     0.140    -0.340
 9    -0.120     0.990     0.070
 2    83.182    -4.153    59.001
 2     0.720     0.690     0.010
 2    -0.690     0.720    -0.040
 2    -0.030     0.020     1.000
 3   128.419    -1.956    -2.031
 3    -0.260    -0.090    -0.960
 3     0.020    -1.000     0.080
 3    -0.960    -0.000     0.260
 4   115.014    16.669    -7.081
 4     0.410     0.870     0.260
 4    -0.850     0.280     0.440
 4     0.310    -0.400     0.860
 5   112.912    21.257    24.172
 5    -0.180    -0.220    -0.960
 5     0.370     0.890    -0.270
 5     0.910    -0.410    -0.080
 6   125.632    30.097    46.922
 6     0.380     0.060     0.920
 6    -0.920     0.110     0.370
 6    -0.070    -0.990     0.100
 7   115.120   -20.417    -7.993
 7     0.590    -0.790     0.160
 7     0.700     0.400    -0.590
 7     0.400     0.460     0.790
 8   111.395   -26.361    22.749
 8    -0.130     0.200    -0.970
 8    -0.380     0.890     0.240
 8     0.910     0.400    -0.040
 9   124.887   -33.480    45.305
 9     0.340    -0.030     0.940
 9     0.930     0.140    -0.330
 9    -0.120     0.990     0.070
 2    83.182    -4.153    59.001
 2     0.720     0.690     0.010
 2    -0.690     0.720    -0.040
 2    -0.030     0.020     1.000
 3   128.297    -1.939    -2.109
 3    -0.260    -0.080    -0.960
 3     0.020    -1.000     0.080
 3    -0.970     0.000     0.260
 4   115.013    16.716    -7.038
 4     0.410     0.870     0.260
 4    -0.850     0.280     0.440
 4     0.310    -0.400     0.860
 5   112.863    21.213    24.168
 5    -0.180    -0.220    -0.960
 5     0.380     0.890    -0.270
 5     0.910    -0.410    -0.080
 6   125.694    30.056    46.906
 6     0.380     0.060     0.920
 6    -0.920     0.110     0.370
 6    -0.080    -0.990     0.100
 7   114.869   -20.361    -7.947
 7     0.580    -0.800     0.170
 7     0.710     0.390    -0.590
 7     0.400     0.460     0.790
 8   111.196   -26.218    22.904
 8    -0.130     0.200    -0.970
 8    -0.380     0.900     0.240
 8     0.920     0.400    -0.040
 9   124.633   -33.567    45.403
 9     0.340    -0.030     0.940
 9     0.930     0.140    -0.330
 9    -0.120     0.990     0.070
 2    83.182    -4.153    59.001
 2     0.720     0.690     0.010
 2    -0.690     0.720    -0.040
 2    -0.030     0.020     1.000
 3   128.352    -1.940    -2.113
 3    -0.260    -0.080    -0.960
 3     0.020    -1.000     0.080
 3    -0.970     0.000     0.260
 4   115.063    16.624    -6.952
 4     0.420     0.870     0.260
 4    -0.850     0.280     0.440
 4     0.310    -0.410     0.860
 5   112.586    21.663    23.941
 5    -0.140    -0.230    -0.960
 5     0.390     0.880    -0.270
 5     0.910    -0.410    -0.040
 6   125.114    30.295    46.844
 6     0.360     0.070     0.930
 6    -0.930     0.130     0.350
 6    -0.090    -0.990     0.110
 7   114.918   -20.411    -7.858
 7     0.580    -0.800     0.170
 7     0.710     0.390    -0.590
 7     0.400     0.460     0.790
 8   111.099   -26.356    22.816
 8    -0.130     0.200    -0.970
 8    -0.370     0.900     0.240
 8     0.920     0.390    -0.040
 9   124.209   -33.695    45.378
 9     0.330    -0.040     0.940
 9     0.940     0.140    -0.320
 9    -0.120     0.990     0.080
 2    83.181    -4.197    58.958
 2     0.720     0.690     0.010
 2    -0.690     0.720    -0.040
 2    -0.030     0.020     1.000
 3   128.303    -1.987    -2.110
 3    -0.260    -0.080    -0.960
 3     0.020    -1.000     0.080
 3    -0.970     0.010     0.260
 4   115.111    16.624    -6.912
 4     0.420     0.870     0.270
 4    -0.850     0.280     0.440
 4     0.310    -0.420     0.850
 5   111.860    22.247    23.638
 5    -0.120    -0.250    -0.960
 5     0.390     0.880    -0.280
 5     0.910    -0.410    -0.010
 6   123.806    31.615    46.726
 6     0.340     0.090     0.940
 6    -0.940     0.130     0.330
 6    -0.100    -0.990     0.130
 7   114.919   -20.363    -7.903
 7     0.580    -0.800     0.170
 7     0.710     0.390    -0.590
 7     0.400     0.460     0.790
 8   110.863   -26.576    22.670
 8    -0.110     0.220    -0.970
 8    -0.370     0.900     0.240
 8     0.920     0.390    -0.020
 9   123.518   -34.438    45.205
 9     0.310    -0.050     0.950
 9     0.940     0.140    -0.310
 9    -0.110     0.990     0.090
 2    83.182    -4.153    59.001
 2     0.720     0.690     0.010
 2    -0.690     0.720    -0.040
 2    -0.030     0.020     1.000
 3   128.303    -1.987    -2.110
 3    -0.260    -0.080    -0.960
 3     0.020    -1.000     0.080
 3    -0.970     0.010     0.260
 4   115.111    16.718    -6.869
 4     0.420     0.860     0.270
 4    -0.850     0.270     0.450
 4     0.310    -0.420     0.850
 5   111.182    22.631    23.401
 5    -0.080    -0.270    -0.960
 5     0.380     0.880    -0.280
 5     0.920    -0.390     0.030
