% Calibrated with leiden_pols
% Positions are in centimeters
Data =[
 2    67.274    -3.742    58.281
 2     0.810     0.560    -0.170
 2    -0.560     0.830     0.050
 2     0.170     0.060     0.980
 3   101.304     1.247    -3.387
 3    -0.590    -0.170    -0.790
 3     0.060    -0.980     0.170
 3    -0.800     0.050     0.590
 4    84.176    18.250    -6.516
 4     0.640    -0.260    -0.730
 4     0.440     0.900     0.070
 4     0.630    -0.360     0.680
 5    83.902    27.185    22.299
 5    -0.180    -0.200    -0.960
 5     0.450     0.860    -0.260
 5     0.880    -0.480    -0.060
 6   102.142    33.814    46.844
 6     0.380     0.020     0.920
 6    -0.840     0.410     0.340
 6    -0.370    -0.910     0.170
 7    86.027   -17.403    -6.463
 7     0.560     0.360    -0.750
 7    -0.550     0.830    -0.010
 7     0.620     0.420     0.670
 8    88.438   -29.463    22.244
 8    -0.100     0.150    -0.980
 8    -0.820     0.540     0.160
 8     0.560     0.830     0.070
 9   102.434   -33.016    45.467
 9     0.360     0.020     0.930
 9     0.860     0.390    -0.340
 9    -0.370     0.920     0.120
 2    67.275    -3.787    58.281
 2     0.810     0.560    -0.170
 2    -0.560     0.830     0.050
 2     0.170     0.060     0.980
 3   101.255     1.247    -3.385
 3    -0.590    -0.170    -0.790
 3     0.060    -0.980     0.170
 3    -0.800     0.050     0.590
 4    84.176    18.250    -6.470
 4     0.640    -0.260    -0.730
 4     0.440     0.900     0.070
 4     0.630    -0.360     0.680
 5    83.902    27.185    22.299
 5    -0.180    -0.200    -0.960
 5     0.450     0.850    -0.260
 5     0.880    -0.480    -0.060
 6   102.195    33.768    46.885
 6     0.380     0.020     0.920
 6    -0.840     0.410     0.340
 6    -0.370    -0.910     0.170
 7    86.026   -17.451    -6.508
 7     0.560     0.370    -0.750
 7    -0.560     0.830    -0.010
 7     0.620     0.420     0.670
 8    88.481   -29.465    22.240
 8    -0.100     0.150    -0.980
 8    -0.830     0.540     0.160
 8     0.550     0.830     0.070
 9   102.444   -32.970    45.445
 9     0.360     0.020     0.930
 9     0.850     0.410    -0.330
 9    -0.390     0.910     0.130
 2    67.274    -3.742    58.281
 2     0.810     0.560    -0.170
 2    -0.560     0.830     0.050
 2     0.170     0.060     0.980
 3   101.255     1.247    -3.385
 3    -0.590    -0.170    -0.790
 3     0.060    -0.980     0.160
 3    -0.800     0.050     0.590
 4    84.176    18.250    -6.516
 4     0.640    -0.260    -0.730
 4     0.440     0.900     0.070
 4     0.630    -0.360     0.680
 5    83.939    27.242    22.342
 5    -0.180    -0.200    -0.960
 5     0.450     0.850    -0.260
 5     0.870    -0.480    -0.060
 6   102.202    33.680    46.879
 6     0.380     0.010     0.920
 6    -0.840     0.410     0.350
 6    -0.380    -0.910     0.170
 7    85.978   -17.402    -6.466
 7     0.560     0.370    -0.740
 7    -0.560     0.830    -0.010
 7     0.610     0.420     0.670
 8    88.437   -29.464    22.240
 8    -0.100     0.150    -0.980
 8    -0.830     0.540     0.160
 8     0.550     0.830     0.070
 9   102.444   -32.877    45.435
 9     0.350     0.020     0.930
 9     0.850     0.420    -0.330
 9    -0.400     0.910     0.130
 2    67.273    -3.741    58.237
 2     0.810     0.560    -0.170
 2    -0.560     0.830     0.050
 2     0.170     0.060     0.980
 3   101.205     1.295    -3.337
 3    -0.590    -0.170    -0.790
 3     0.060    -0.980     0.160
 3    -0.800     0.050     0.590
 4    84.132    18.250    -6.426
 4     0.640    -0.260    -0.730
 4     0.440     0.890     0.070
 4     0.630    -0.360     0.680
 5    83.940    27.242    22.379
 5    -0.180    -0.200    -0.960
 5     0.450     0.850    -0.260
 5     0.870    -0.480    -0.070
 6   102.205    33.587    46.924
 6     0.380     0.010     0.920
 6    -0.840     0.420     0.350
 6    -0.380    -0.910     0.170
 7    86.067   -17.451    -6.510
 7     0.560     0.370    -0.740
 7    -0.560     0.830    -0.010
 7     0.610     0.420     0.670
 8    88.481   -29.512    22.240
 8    -0.100     0.150    -0.980
 8    -0.830     0.540     0.160
 8     0.550     0.830     0.070
 9   102.398   -32.829    45.482
 9     0.350     0.030     0.940
 9     0.840     0.420    -0.330
 9    -0.400     0.910     0.130
 2    67.273    -3.741    58.237
 2     0.810     0.560    -0.170
 2    -0.560     0.830     0.050
 2     0.170     0.060     0.980
 3   101.205     1.295    -3.337
 3    -0.590    -0.170    -0.790
 3     0.060    -0.980     0.160
 3    -0.800     0.050     0.590
 4    84.132    18.250    -6.470
 4     0.640    -0.260    -0.730
 4     0.440     0.900     0.070
 4     0.630    -0.360     0.680
 5    83.940    27.242    22.379
 5    -0.180    -0.200    -0.960
 5     0.450     0.850    -0.260
 5     0.870    -0.480    -0.070
 6   102.203    33.539    46.880
 6     0.390     0.010     0.920
 6    -0.840     0.420     0.350
 6    -0.380    -0.910     0.170
 7    86.067   -17.451    -6.510
 7     0.560     0.370    -0.740
 7    -0.560     0.830    -0.010
 7     0.610     0.420     0.670
 8    88.481   -29.512    22.240
 8    -0.100     0.150    -0.980
 8    -0.830     0.540     0.160
 8     0.550     0.830     0.070
 9   102.500   -32.786    45.466
 9     0.350     0.030     0.940
 9     0.840     0.420    -0.330
 9    -0.410     0.900     0.130
 2    67.273    -3.741    58.237
 2     0.810     0.560    -0.170
 2    -0.560     0.830     0.050
 2     0.170     0.060     0.980
 3   101.205     1.342    -3.337
 3    -0.590    -0.170    -0.790
 3     0.060    -0.980     0.160
 3    -0.800     0.050     0.590
 4    84.131    18.249    -6.427
 4     0.640    -0.260    -0.730
 4     0.440     0.890     0.070
 4     0.630    -0.370     0.680
 5    83.940    27.242    22.424
 5    -0.180    -0.200    -0.960
 5     0.450     0.850    -0.260
 5     0.870    -0.480    -0.070
 6   102.257    33.546    46.871
 6     0.380     0.010     0.920
 6    -0.840     0.420     0.350
 6    -0.390    -0.910     0.170
 7    86.066   -17.450    -6.555
 7     0.560     0.370    -0.740
 7    -0.560     0.830    -0.010
 7     0.610     0.420     0.670
 8    88.437   -29.464    22.240
 8    -0.100     0.140    -0.980
 8    -0.830     0.540     0.160
 8     0.550     0.830     0.070
 9   102.552   -32.789    45.508
 9     0.350     0.030     0.930
 9     0.840     0.420    -0.330
 9    -0.410     0.900     0.130
 2    67.273    -3.741    58.237
 2     0.810     0.560    -0.170
 2    -0.560     0.830     0.050
 2     0.170     0.060     0.980
 3   101.205     1.342    -3.337
 3    -0.590    -0.170    -0.790
 3     0.060    -0.980     0.160
 3    -0.800     0.050     0.590
 4    84.131    18.249    -6.427
 4     0.640    -0.260    -0.730
 4     0.440     0.890     0.070
 4     0.630    -0.370     0.680
 5    83.859    27.137    22.428
 5    -0.180    -0.200    -0.960
 5     0.440     0.860    -0.260
 5     0.880    -0.470    -0.070
 6   102.161    33.450    46.922
 6     0.380     0.010     0.920
 6    -0.840     0.420     0.340
 6    -0.390    -0.910     0.170
 7    86.022   -17.449    -6.555
 7     0.560     0.370    -0.740
 7    -0.560     0.830    -0.010
 7     0.610     0.420     0.670
 8    88.438   -29.465    22.282
 8    -0.100     0.140    -0.980
 8    -0.830     0.530     0.160
 8     0.550     0.830     0.060
 9   102.550   -32.738    45.463
 9     0.360     0.030     0.930
 9     0.840     0.430    -0.330
 9    -0.410     0.900     0.130
 2    67.273    -3.741    58.237
 2     0.810     0.560    -0.170
 2    -0.560     0.830     0.050
 2     0.170     0.060     0.980
 3   101.205     1.342    -3.337
 3    -0.590    -0.170    -0.790
 3     0.060    -0.980     0.160
 3    -0.800     0.050     0.590
 4    84.131    18.249    -6.427
 4     0.640    -0.260    -0.730
 4     0.440     0.890     0.070
 4     0.630    -0.370     0.680
 5    83.778    27.219    22.341
 5    -0.170    -0.200    -0.970
 5     0.430     0.870    -0.250
 5     0.890    -0.460    -0.060
