% Calibrated with leiden_pols
% Positions are in centimeters
Data =[
 2    83.164    -4.589    58.906
 2     1.000     0.040    -0.020
 2    -0.040     1.000    -0.030
 2     0.020     0.030     1.000
 3   120.323    -2.607     3.911
 3    -0.550    -0.050    -0.830
 3    -0.070    -0.990     0.110
 3    -0.830     0.110     0.540
 4   109.878    16.889    -2.862
 4     0.650     0.740     0.170
 4    -0.720     0.530     0.440
 4     0.240    -0.410     0.880
 5   110.165    22.402    24.520
 5    -0.290    -0.230    -0.930
 5     0.010     0.970    -0.250
 5     0.960    -0.080    -0.280
 6   128.942    37.538    40.403
 6     0.510     0.170     0.840
 6    -0.700     0.650     0.290
 6    -0.500    -0.740     0.450
 7   108.193   -19.279    -2.661
 7     0.560    -0.810     0.190
 7     0.800     0.470    -0.380
 7     0.220     0.360     0.910
 8   109.502   -28.897    24.782
 8    -0.440     0.190    -0.880
 8    -0.490     0.770     0.410
 8     0.750     0.610    -0.250
 9   130.373   -37.277    42.716
 9     0.510    -0.160     0.850
 9     0.720     0.620    -0.310
 9    -0.470     0.770     0.430
 2    83.164    -4.589    58.906
 2     1.000     0.040    -0.020
 2    -0.040     1.000    -0.030
 2     0.020     0.030     1.000
 3   120.323    -2.607     3.956
 3    -0.550    -0.050    -0.830
 3    -0.070    -0.990     0.110
 3    -0.830     0.110     0.540
 4   109.930    16.895    -2.874
 4     0.650     0.740     0.170
 4    -0.720     0.530     0.440
 4     0.230    -0.410     0.880
 5   110.167    22.399    24.537
 5    -0.290    -0.230    -0.930
 5     0.010     0.970    -0.250
 5     0.960    -0.090    -0.280
 6   128.945    37.490    40.446
 6     0.510     0.170     0.840
 6    -0.700     0.650     0.290
 6    -0.500    -0.740     0.450
 7   108.193   -19.327    -2.661
 7     0.560    -0.810     0.190
 7     0.800     0.470    -0.380
 7     0.220     0.360     0.910
 8   109.548   -28.898    24.783
 8    -0.440     0.190    -0.880
 8    -0.490     0.770     0.410
 8     0.750     0.610    -0.240
 9   130.441   -37.233    42.735
 9     0.500    -0.160     0.850
 9     0.720     0.620    -0.310
 9    -0.480     0.770     0.430
 2    83.164    -4.589    58.906
 2     1.000     0.040    -0.020
 2    -0.040     1.000    -0.030
 2     0.020     0.030     1.000
 3   120.323    -2.607     3.911
 3    -0.550    -0.050    -0.830
 3    -0.070    -0.990     0.110
 3    -0.830     0.110     0.540
 4   109.882    16.894    -2.874
 4     0.650     0.740     0.170
 4    -0.720     0.530     0.440
 4     0.230    -0.410     0.880
 5   110.225    22.505    24.514
 5    -0.290    -0.230    -0.930
 5     0.020     0.970    -0.250
 5     0.960    -0.090    -0.280
 6   129.112    37.496    40.337
 6     0.510     0.170     0.840
 6    -0.700     0.660     0.290
 6    -0.510    -0.730     0.460
 7   108.192   -19.280    -2.616
 7     0.560    -0.810     0.190
 7     0.800     0.470    -0.380
 7     0.220     0.360     0.910
 8   109.500   -28.849    24.783
 8    -0.440     0.190    -0.880
 8    -0.490     0.770     0.410
 8     0.750     0.610    -0.240
 9   130.430   -37.379    42.715
 9     0.500    -0.160     0.850
 9     0.720     0.620    -0.310
 9    -0.470     0.770     0.430
 2    83.167    -4.636    58.949
 2     1.000     0.040    -0.020
 2    -0.040     1.000    -0.030
 2     0.020     0.030     1.000
 3   120.323    -2.607     3.956
 3    -0.550    -0.050    -0.830
 3    -0.070    -0.990     0.110
 3    -0.830     0.110     0.540
 4   109.930    16.895    -2.874
 4     0.650     0.740     0.170
 4    -0.720     0.530     0.440
 4     0.230    -0.410     0.880
 5   110.226    22.599    24.469
 5    -0.290    -0.240    -0.930
 5     0.020     0.970    -0.250
 5     0.960    -0.090    -0.280
 6   129.219    37.690    40.239
 6     0.510     0.170     0.840
 6    -0.690     0.670     0.280
 6    -0.510    -0.730     0.460
 7   108.192   -19.280    -2.616
 7     0.560    -0.800     0.190
 7     0.800     0.470    -0.380
 7     0.220     0.360     0.910
 8   109.501   -28.894    24.691
 8    -0.430     0.190    -0.880
 8    -0.490     0.770     0.410
 8     0.750     0.610    -0.240
 9   130.375   -37.377    42.717
 9     0.500    -0.160     0.850
 9     0.720     0.620    -0.310
 9    -0.470     0.770     0.430
 2    83.164    -4.589    58.906
 2     1.000     0.040    -0.020
 2    -0.040     1.000    -0.030
 2     0.020     0.030     1.000
 3   120.322    -2.610     3.913
 3    -0.550    -0.050    -0.830
 3    -0.070    -0.990     0.110
 3    -0.830     0.120     0.540
 4   109.930    16.895    -2.874
 4     0.650     0.740     0.170
 4    -0.720     0.530     0.440
 4     0.230    -0.410     0.880
 5   110.191    22.797    24.393
 5    -0.280    -0.240    -0.930
 5     0.030     0.960    -0.260
 5     0.960    -0.110    -0.270
 6   129.156    37.716    40.091
 6     0.490     0.180     0.850
 6    -0.670     0.700     0.250
 6    -0.550    -0.700     0.460
 7   108.194   -19.327    -2.571
 7     0.560    -0.800     0.190
 7     0.800     0.470    -0.380
 7     0.220     0.370     0.900
 8   109.258   -29.017    24.471
 8    -0.400     0.200    -0.890
 8    -0.510     0.760     0.400
 8     0.760     0.610    -0.200
 9   130.235   -37.660    42.703
 9     0.500    -0.170     0.850
 9     0.720     0.620    -0.300
 9    -0.480     0.760     0.430
 2    83.164    -4.589    58.906
 2     1.000     0.040    -0.020
 2    -0.040     1.000    -0.030
 2     0.020     0.030     1.000
 3   120.323    -2.610     3.957
 3    -0.550    -0.050    -0.830
 3    -0.070    -0.990     0.110
 3    -0.830     0.120     0.540
 4   109.930    16.895    -2.874
 4     0.650     0.740     0.170
 4    -0.720     0.530     0.440
 4     0.230    -0.410     0.880
 5   109.874    23.153    24.205
 5    -0.270    -0.260    -0.930
 5     0.050     0.960    -0.280
 5     0.960    -0.120    -0.240
 6   128.590    38.207    40.320
 6     0.470     0.180     0.870
 6    -0.660     0.720     0.210
 6    -0.590    -0.670     0.460
 7   108.242   -19.328    -2.529
 7     0.570    -0.800     0.190
 7     0.790     0.470    -0.390
 7     0.220     0.370     0.900
 8   109.018   -29.238    24.253
 8    -0.370     0.220    -0.900
 8    -0.510     0.760     0.400
 8     0.770     0.610    -0.180
 9   129.673   -37.969    42.646
 9     0.490    -0.180     0.850
 9     0.720     0.640    -0.280
 9    -0.500     0.750     0.440
 2    83.164    -4.635    58.906
 2     1.000     0.040    -0.020
 2    -0.040     1.000    -0.030
 2     0.020     0.030     1.000
 3   120.323    -2.610     3.957
 3    -0.550    -0.050    -0.830
 3    -0.070    -0.990     0.110
 3    -0.830     0.120     0.540
 4   109.979    16.848    -2.877
 4     0.650     0.740     0.180
 4    -0.720     0.530     0.440
 4     0.230    -0.420     0.880
 5   109.501    23.482    24.089
 5    -0.250    -0.270    -0.930
 5     0.070     0.950    -0.290
 5     0.970    -0.130    -0.220
 6   128.048    38.225    40.292
 6     0.440     0.180     0.880
 6    -0.640     0.750     0.160
 6    -0.630    -0.630     0.450
 7   108.293   -19.281    -2.530
 7     0.570    -0.800     0.200
 7     0.790     0.470    -0.390
 7     0.220     0.380     0.900
 8   108.631   -29.453    24.127
 8    -0.350     0.230    -0.910
 8    -0.520     0.760     0.390
 8     0.780     0.610    -0.140
 9   128.471   -38.845    42.910
 9     0.460    -0.190     0.870
 9     0.710     0.660    -0.230
 9    -0.530     0.730     0.440
 2    83.164    -4.635    58.906
 2     1.000     0.040    -0.020
 2    -0.040     1.000    -0.030
 2     0.020     0.030     1.000
 3   120.376    -2.610     3.998
 3    -0.550    -0.050    -0.830
 3    -0.070    -0.990     0.100
 3    -0.830     0.120     0.540
 4   110.077    16.943    -2.880
 4     0.650     0.740     0.180
 4    -0.720     0.530     0.440
 4     0.230    -0.420     0.880
 5   109.204    23.998    23.693
 5    -0.220    -0.280    -0.930
 5     0.100     0.950    -0.310
 5     0.970    -0.160    -0.180
