% Calibrated with leiden_pols
% Positions are in centimeters
Data =[
 2    68.141    -2.697    58.765
 2     0.760     0.650     0.030
 2    -0.650     0.760     0.020
 2    -0.010    -0.040     1.000
 3   101.148    -0.465    -2.068
 3    -0.690    -0.080    -0.720
 3     0.110    -0.990     0.010
 3    -0.710    -0.070     0.700
 4    86.779    15.833    -3.543
 4     0.760    -0.270    -0.590
 4     0.410     0.900     0.120
 4     0.500    -0.330     0.800
 5    91.524    25.022    22.529
 5    -0.220    -0.180    -0.960
 5     0.800     0.520    -0.290
 5     0.550    -0.830     0.030
 6   109.413    31.522    45.496
 6     0.480     0.210     0.850
 6    -0.840     0.380     0.380
 6    -0.240    -0.900     0.360
 7    90.029   -17.993    -6.056
 7     0.830     0.180    -0.530
 7    -0.350     0.910    -0.230
 7     0.430     0.370     0.820
 8    90.433   -25.120    24.773
 8    -0.210     0.140    -0.970
 8    -0.270     0.940     0.190
 8     0.940     0.310    -0.160
 9   110.130   -32.217    44.113
 9     0.360    -0.130     0.920
 9     0.530     0.840    -0.090
 9    -0.760     0.520     0.370
 2    68.141    -2.697    58.765
 2     0.760     0.650     0.030
 2    -0.650     0.760     0.020
 2    -0.010    -0.040     1.000
 3   101.148    -0.465    -2.068
 3    -0.690    -0.090    -0.720
 3     0.110    -0.990     0.010
 3    -0.710    -0.070     0.700
 4    86.691    15.787    -3.498
 4     0.760    -0.270    -0.590
 4     0.410     0.910     0.120
 4     0.500    -0.330     0.800
 5    91.338    25.178    22.602
 5    -0.230    -0.200    -0.950
 5     0.780     0.550    -0.300
 5     0.590    -0.810     0.030
 6   109.220    32.396    45.220
 6     0.480     0.230     0.850
 6    -0.850     0.360     0.390
 6    -0.210    -0.900     0.370
 7    89.986   -17.993    -6.052
 7     0.830     0.180    -0.530
 7    -0.350     0.910    -0.230
 7     0.440     0.380     0.820
 8    90.513   -25.411    24.697
 8    -0.220     0.160    -0.960
 8    -0.250     0.950     0.210
 8     0.940     0.290    -0.170
 9   110.222   -33.170    43.818
 9     0.370    -0.150     0.920
 9     0.550     0.830    -0.080
 9    -0.750     0.540     0.390
 2    68.141    -2.697    58.765
 2     0.760     0.650     0.030
 2    -0.650     0.760     0.020
 2    -0.010    -0.040     1.000
 3   101.147    -0.418    -2.067
 3    -0.690    -0.090    -0.720
 3     0.110    -0.990     0.010
 3    -0.710    -0.080     0.700
 4    86.603    15.739    -3.498
 4     0.760    -0.260    -0.590
 4     0.400     0.910     0.120
 4     0.500    -0.330     0.800
 5    91.241    25.340    22.493
 5    -0.240    -0.220    -0.950
 5     0.750     0.580    -0.330
 5     0.620    -0.790     0.030
 6   109.182    33.186    44.837
 6     0.480     0.250     0.840
 6    -0.850     0.340     0.390
 6    -0.190    -0.910     0.380
 7    90.031   -17.947    -6.052
 7     0.830     0.180    -0.530
 7    -0.350     0.910    -0.230
 7     0.440     0.380     0.820
 8    90.563   -25.554    24.663
 8    -0.220     0.170    -0.960
 8    -0.240     0.950     0.220
 8     0.950     0.280    -0.170
 9   110.315   -33.792    43.657
 9     0.370    -0.160     0.910
 9     0.560     0.820    -0.080
 9    -0.740     0.540     0.400
 2    68.141    -2.697    58.765
 2     0.760     0.650     0.030
 2    -0.650     0.760     0.020
 2    -0.010    -0.040     1.000
 3   101.150    -0.416    -2.071
 3    -0.690    -0.090    -0.720
 3     0.120    -0.990     0.010
 3    -0.710    -0.080     0.690
 4    86.473    15.687    -3.493
 4     0.770    -0.260    -0.590
 4     0.390     0.910     0.110
 4     0.510    -0.320     0.800
 5    91.100    25.504    22.380
 5    -0.240    -0.240    -0.940
 5     0.720     0.600    -0.340
 5     0.650    -0.760     0.030
 6   109.041    34.107    44.512
 6     0.490     0.270     0.830
 6    -0.860     0.330     0.390
 6    -0.160    -0.910     0.390
 7    90.031   -17.901    -6.052
 7     0.830     0.180    -0.530
 7    -0.350     0.910    -0.230
 7     0.440     0.380     0.810
 8    90.552   -25.704    24.588
 8    -0.230     0.180    -0.960
 8    -0.220     0.950     0.230
 8     0.950     0.260    -0.180
 9   110.388   -34.506    43.335
 9     0.380    -0.180     0.910
 9     0.580     0.810    -0.080
 9    -0.720     0.560     0.410
 2    68.141    -2.697    58.765
 2     0.760     0.650     0.030
 2    -0.650     0.760     0.020
 2    -0.010    -0.040     1.000
 3   101.155    -0.365    -2.090
 3    -0.690    -0.090    -0.720
 3     0.120    -0.990     0.010
 3    -0.720    -0.080     0.690
 4    86.430    15.641    -3.538
 4     0.770    -0.250    -0.590
 4     0.390     0.910     0.110
 4     0.510    -0.320     0.800
 5    90.957    25.765    22.263
 5    -0.250    -0.260    -0.930
 5     0.700     0.620    -0.360
 5     0.670    -0.740     0.030
 6   108.959    34.941    44.129
 6     0.490     0.290     0.820
 6    -0.860     0.320     0.400
 6    -0.150    -0.900     0.410
 7    90.031   -17.809    -6.090
 7     0.820     0.180    -0.540
 7    -0.350     0.910    -0.230
 7     0.450     0.370     0.810
 8    90.410   -25.985    24.418
 8    -0.230     0.200    -0.950
 8    -0.200     0.950     0.250
 8     0.950     0.250    -0.180
 9   110.375   -35.358    43.002
 9     0.380    -0.200     0.900
 9     0.590     0.800    -0.070
 9    -0.710     0.560     0.420
 2    68.141    -2.697    58.765
 2     0.760     0.650     0.030
 2    -0.650     0.760     0.020
 2    -0.010    -0.040     1.000
 3   101.155    -0.318    -2.090
 3    -0.690    -0.090    -0.720
 3     0.120    -0.990     0.010
 3    -0.720    -0.080     0.690
 4    86.345    15.590    -3.534
 4     0.760    -0.250    -0.600
 4     0.380     0.920     0.110
 4     0.520    -0.310     0.800
 5    90.992    26.251    21.888
 5    -0.260    -0.300    -0.920
 5     0.670     0.630    -0.390
 5     0.700    -0.710     0.040
 6   109.125    36.804    43.087
 6     0.500     0.330     0.800
 6    -0.860     0.300     0.410
 6    -0.110    -0.890     0.430
 7    89.896   -17.713    -6.135
 7     0.820     0.180    -0.540
 7    -0.350     0.910    -0.220
 7     0.450     0.370     0.810
 8    90.410   -26.546    24.077
 8    -0.230     0.230    -0.950
 8    -0.180     0.940     0.280
 8     0.960     0.230    -0.180
 9   110.252   -36.772    42.321
 9     0.380    -0.230     0.900
 9     0.600     0.790    -0.050
 9    -0.700     0.560     0.440
 2    68.141    -2.697    58.765
 2     0.760     0.650     0.030
 2    -0.650     0.760     0.020
 2    -0.010    -0.040     1.000
 3   101.154    -0.319    -2.090
 3    -0.690    -0.090    -0.720
 3     0.120    -0.990     0.000
 3    -0.720    -0.090     0.690
 4    86.301    15.544    -3.579
 4     0.760    -0.250    -0.600
 4     0.380     0.920     0.110
 4     0.520    -0.310     0.790
 5    90.939    26.652    21.634
 5    -0.260    -0.330    -0.910
 5     0.640     0.640    -0.420
 5     0.720    -0.690     0.040
 6   109.022    38.012    42.400
 6     0.500     0.360     0.790
 6    -0.860     0.290     0.410
 6    -0.090    -0.890     0.450
 7    89.854   -17.665    -6.222
 7     0.820     0.180    -0.550
 7    -0.340     0.910    -0.220
 7     0.460     0.360     0.810
 8    90.439   -27.069    23.833
 8    -0.240     0.260    -0.940
 8    -0.160     0.940     0.300
 8     0.960     0.220    -0.180
 9   110.335   -38.003    41.717
 9     0.380    -0.250     0.890
 9     0.610     0.790    -0.040
 9    -0.690     0.560     0.460
 2    68.141    -2.697    58.765
 2     0.760     0.650     0.030
 2    -0.650     0.760     0.020
 2    -0.010    -0.040     1.000
 3   101.154    -0.318    -2.134
 3    -0.690    -0.090    -0.720
 3     0.120    -0.990     0.000
 3    -0.720    -0.090     0.690
 4    86.262    15.448    -3.665
 4     0.760    -0.240    -0.600
 4     0.380     0.920     0.100
 4     0.530    -0.310     0.790
 5    90.793    27.188    21.341
 5    -0.260    -0.360    -0.900
 5     0.610     0.660    -0.440
 5     0.740    -0.670     0.050
