% Calibrated with leiden_pols
% Positions are in centimeters
Data =[
 2    68.098    -2.562    58.889
 2     0.780     0.620     0.030
 2    -0.630     0.780     0.030
 2    -0.000    -0.040     1.000
 3   107.374    -1.264     3.146
 3    -0.730    -0.140    -0.660
 3     0.040    -0.990     0.170
 3    -0.680     0.100     0.730
 4    92.269    15.054    -1.079
 4     0.460    -0.450    -0.760
 4     0.520     0.830    -0.180
 4     0.720    -0.310     0.620
 5   108.124    30.931     9.643
 5    -0.830    -0.560     0.000
 5    -0.380     0.570    -0.730
 5     0.410    -0.610    -0.680
 6   110.994    29.435   -14.707
 6    -0.230    -0.400    -0.890
 6     0.850     0.360    -0.390
 6     0.480    -0.840     0.260
 7    92.696   -16.603    -0.343
 7     0.610     0.520    -0.600
 7    -0.610     0.790     0.050
 7     0.500     0.330     0.800
 8   106.797   -34.081    13.859
 8    -0.700     0.710    -0.040
 8     0.530     0.570     0.630
 8     0.470     0.420    -0.780
 9   107.940   -39.048    -8.227
 9    -0.300     0.240    -0.920
 9    -0.800     0.460     0.380
 9     0.520     0.860     0.050
 2    68.099    -2.563    58.934
 2     0.780     0.620     0.030
 2    -0.630     0.780     0.030
 2    -0.000    -0.040     1.000
 3   107.422    -1.267     3.191
 3    -0.740    -0.140    -0.660
 3     0.040    -0.990     0.160
 3    -0.680     0.090     0.730
 4    92.269    15.100    -1.080
 4     0.460    -0.450    -0.760
 4     0.520     0.830    -0.180
 4     0.720    -0.310     0.620
 5   108.078    30.980     9.683
 5    -0.830    -0.560    -0.000
 5    -0.380     0.560    -0.730
 5     0.410    -0.600    -0.680
 6   111.042    29.483   -14.618
 6    -0.230    -0.400    -0.890
 6     0.850     0.370    -0.380
 6     0.480    -0.840     0.260
 7    92.696   -16.555    -0.388
 7     0.620     0.520    -0.590
 7    -0.610     0.790     0.050
 7     0.500     0.330     0.800
 8   106.551   -34.214    13.873
 8    -0.700     0.720    -0.040
 8     0.530     0.560     0.640
 8     0.480     0.420    -0.770
 9   107.695   -38.989    -8.309
 9    -0.290     0.250    -0.920
 9    -0.800     0.470     0.380
 9     0.530     0.850     0.060
 2    68.099    -2.563    58.934
 2     0.780     0.620     0.030
 2    -0.630     0.780     0.030
 2    -0.000    -0.040     1.000
 3   107.422    -1.220     3.234
 3    -0.730    -0.140    -0.660
 3     0.040    -0.990     0.160
 3    -0.680     0.090     0.730
 4    92.313    15.100    -1.124
 4     0.460    -0.450    -0.760
 4     0.520     0.840    -0.180
 4     0.720    -0.310     0.620
 5   107.976    31.062     9.829
 5    -0.830    -0.560    -0.000
 5    -0.380     0.560    -0.730
 5     0.420    -0.610    -0.680
 6   111.142    29.484   -14.622
 6    -0.220    -0.400    -0.890
 6     0.850     0.370    -0.380
 6     0.480    -0.840     0.260
 7    92.695   -16.506    -0.394
 7     0.620     0.520    -0.590
 7    -0.610     0.790     0.050
 7     0.490     0.330     0.800
 8   106.261   -34.336    13.790
 8    -0.690     0.720    -0.040
 8     0.540     0.550     0.640
 8     0.490     0.420    -0.770
 9   107.454   -39.074    -8.265
 9    -0.290     0.250    -0.920
 9    -0.790     0.480     0.380
 9     0.530     0.840     0.060
 2    68.141    -2.517    58.932
 2     0.780     0.620     0.030
 2    -0.630     0.780     0.030
 2    -0.000    -0.040     1.000
 3   107.422    -1.220     3.280
 3    -0.730    -0.140    -0.660
 3     0.040    -0.990     0.160
 3    -0.680     0.090     0.730
 4    92.314    15.008    -1.124
 4     0.460    -0.450    -0.760
 4     0.520     0.830    -0.180
 4     0.720    -0.310     0.620
 5   107.927    31.014     9.787
 5    -0.830    -0.560    -0.000
 5    -0.380     0.560    -0.740
 5     0.420    -0.610    -0.680
 6   111.141    29.436   -14.621
 6    -0.220    -0.410    -0.890
 6     0.850     0.370    -0.380
 6     0.480    -0.840     0.260
 7    92.605   -16.551    -0.440
 7     0.620     0.520    -0.590
 7    -0.610     0.790     0.050
 7     0.490     0.330     0.810
 8   106.216   -34.380    13.829
 8    -0.690     0.730    -0.040
 8     0.540     0.550     0.640
 8     0.490     0.410    -0.770
 9   107.402   -39.073    -8.253
 9    -0.290     0.250    -0.920
 9    -0.790     0.480     0.380
 9     0.540     0.840     0.060
 2    68.141    -2.517    58.932
 2     0.780     0.620     0.030
 2    -0.630     0.780     0.030
 2    -0.000    -0.040     1.000
 3   107.422    -1.318     3.325
 3    -0.730    -0.140    -0.660
 3     0.040    -0.990     0.160
 3    -0.680     0.090     0.730
 4    92.358    14.967    -1.131
 4     0.470    -0.460    -0.760
 4     0.520     0.830    -0.180
 4     0.710    -0.310     0.630
 5   107.976    30.969     9.831
 5    -0.830    -0.560    -0.000
 5    -0.380     0.560    -0.740
 5     0.420    -0.610    -0.680
 6   111.240    29.295   -14.619
 6    -0.220    -0.410    -0.890
 6     0.850     0.370    -0.380
 6     0.480    -0.840     0.260
 7    92.650   -16.552    -0.394
 7     0.620     0.520    -0.590
 7    -0.610     0.790     0.050
 7     0.490     0.330     0.810
 8   106.261   -34.385    13.833
 8    -0.690     0.720    -0.040
 8     0.540     0.550     0.640
 8     0.490     0.420    -0.770
 9   107.503   -39.123    -8.310
 9    -0.290     0.250    -0.920
 9    -0.790     0.470     0.380
 9     0.530     0.840     0.060
 2    68.140    -2.517    58.888
 2     0.780     0.620     0.030
 2    -0.630     0.780     0.030
 2    -0.000    -0.040     1.000
 3   107.373    -1.318     3.372
 3    -0.730    -0.140    -0.670
 3     0.040    -0.990     0.160
 3    -0.680     0.090     0.730
 4    92.404    14.967    -1.130
 4     0.470    -0.460    -0.760
 4     0.520     0.830    -0.180
 4     0.710    -0.310     0.630
 5   107.928    30.968     9.832
 5    -0.830    -0.560    -0.010
 5    -0.380     0.560    -0.740
 5     0.420    -0.610    -0.680
 6   111.290    29.296   -14.572
 6    -0.220    -0.410    -0.890
 6     0.850     0.370    -0.370
 6     0.480    -0.840     0.270
 7    92.695   -16.553    -0.394
 7     0.620     0.520    -0.590
 7    -0.610     0.790     0.050
 7     0.490     0.330     0.810
 8   106.355   -34.341    13.705
 8    -0.690     0.720    -0.040
 8     0.530     0.550     0.650
 8     0.490     0.420    -0.760
 9   107.794   -38.945    -8.488
 9    -0.280     0.250    -0.920
 9    -0.800     0.470     0.380
 9     0.530     0.840     0.070
 2    68.098    -2.562    58.889
 2     0.780     0.620     0.030
 2    -0.630     0.780     0.030
 2    -0.000    -0.040     1.000
 3   107.422    -1.270     3.369
 3    -0.730    -0.140    -0.670
 3     0.040    -0.990     0.160
 3    -0.680     0.090     0.730
 4    92.404    15.014    -1.131
 4     0.470    -0.460    -0.760
 4     0.520     0.830    -0.180
 4     0.710    -0.310     0.630
 5   107.926    31.011     9.748
 5    -0.830    -0.560    -0.010
 5    -0.380     0.560    -0.740
 5     0.420    -0.610    -0.670
 6   111.344    29.064   -14.747
 6    -0.210    -0.420    -0.880
 6     0.850     0.370    -0.370
 6     0.480    -0.830     0.280
 7    92.693   -16.508    -0.391
 7     0.610     0.530    -0.590
 7    -0.620     0.780     0.060
 7     0.490     0.330     0.810
 8   105.939   -34.923    12.560
 8    -0.680     0.730    -0.020
 8     0.510     0.500     0.700
 8     0.520     0.470    -0.720
 9   108.742   -37.324    -9.992
 9    -0.230     0.340    -0.910
 9    -0.820     0.440     0.370
 9     0.530     0.830     0.180
 2    68.097    -2.517    58.889
 2     0.780     0.620     0.030
 2    -0.630     0.780     0.030
 2    -0.000    -0.040     1.000
 3   107.422    -1.270     3.369
 3    -0.730    -0.140    -0.670
 3     0.040    -0.990     0.160
 3    -0.680     0.090     0.730
 4    92.359    14.968    -1.220
 4     0.470    -0.460    -0.750
 4     0.520     0.830    -0.180
 4     0.710    -0.310     0.630
 5   107.813    31.084     9.416
 5    -0.820    -0.570    -0.000
 5    -0.370     0.540    -0.750
 5     0.430    -0.620    -0.660
