% Calibrated with leiden_pols
% Positions are in centimeters
Data =[
 2    65.136    -4.091    58.963
 2     0.710    -0.700    -0.070
 2     0.700     0.710     0.030
 2     0.030    -0.070     1.000
 3   103.751    -3.547     2.521
 3    -0.140    -0.060    -0.990
 3    -0.050    -1.000     0.070
 3    -0.990     0.060     0.140
 4    91.479    13.433    -4.329
 4     0.710    -0.220    -0.670
 4     0.450     0.870     0.200
 4     0.540    -0.450     0.710
 5    93.234    20.786    20.674
 5    -0.190    -0.150    -0.970
 5     0.630     0.740    -0.240
 5     0.750    -0.660    -0.050
 6   105.849    27.688    39.138
 6     0.340     0.190     0.920
 6    -0.850     0.470     0.220
 6    -0.390    -0.860     0.330
 7    90.225   -19.121    -3.831
 7     0.630     0.300    -0.720
 7    -0.530     0.840    -0.120
 7     0.570     0.460     0.680
 8    89.837   -25.811    21.792
 8    -0.170     0.120    -0.980
 8    -0.390     0.900     0.180
 8     0.910     0.410    -0.110
 9   104.280   -33.453    40.274
 9     0.490    -0.110     0.870
 9     0.840     0.330    -0.430
 9    -0.240     0.940     0.250
 2    65.136    -4.091    58.963
 2     0.710    -0.700    -0.070
 2     0.700     0.710     0.030
 2     0.030    -0.070     1.000
 3   103.163    -3.508     2.465
 3    -0.160    -0.060    -0.990
 3    -0.060    -1.000     0.070
 3    -0.990     0.070     0.150
 4    91.073    13.473    -4.233
 4     0.700    -0.210    -0.680
 4     0.450     0.870     0.200
 4     0.550    -0.450     0.710
 5    92.826    20.544    20.820
 5    -0.190    -0.150    -0.970
 5     0.620     0.750    -0.240
 5     0.760    -0.650    -0.050
 6   105.157    27.713    39.458
 6     0.340     0.190     0.920
 6    -0.870     0.450     0.220
 6    -0.370    -0.870     0.320
 7    89.424   -18.916    -3.878
 7     0.620     0.290    -0.730
 7    -0.520     0.840    -0.110
 7     0.580     0.450     0.680
 8    89.429   -25.854    21.753
 8    -0.190     0.130    -0.970
 8    -0.370     0.910     0.190
 8     0.910     0.400    -0.120
 9   104.114   -33.719    39.991
 9     0.500    -0.120     0.860
 9     0.830     0.320    -0.450
 9    -0.220     0.940     0.260
 2    65.137    -4.137    58.962
 2     0.710    -0.700    -0.070
 2     0.700     0.710     0.030
 2     0.030    -0.070     1.000
 3   103.068    -3.557     2.562
 3    -0.160    -0.060    -0.990
 3    -0.060    -1.000     0.070
 3    -0.990     0.070     0.150
 4    90.985    13.334    -4.188
 4     0.700    -0.210    -0.680
 4     0.450     0.870     0.200
 4     0.550    -0.450     0.710
 5    92.825    20.494    20.826
 5    -0.200    -0.150    -0.970
 5     0.620     0.750    -0.240
 5     0.760    -0.650    -0.050
 6   105.405    27.533    39.306
 6     0.350     0.190     0.920
 6    -0.860     0.460     0.230
 6    -0.380    -0.870     0.330
 7    89.425   -19.010    -3.789
 7     0.620     0.290    -0.730
 7    -0.520     0.850    -0.110
 7     0.580     0.450     0.680
 8    89.303   -25.893    21.875
 8    -0.180     0.130    -0.970
 8    -0.370     0.910     0.190
 8     0.910     0.390    -0.120
 9   103.926   -33.859    40.130
 9     0.500    -0.120     0.860
 9     0.840     0.320    -0.440
 9    -0.220     0.940     0.260
 2    65.136    -4.091    58.963
 2     0.710    -0.700    -0.070
 2     0.700     0.710     0.030
 2     0.030    -0.070     1.000
 3   103.175    -3.645     2.631
 3    -0.150    -0.060    -0.990
 3    -0.060    -1.000     0.070
 3    -0.990     0.070     0.150
 4    91.212    13.108    -4.280
 4     0.710    -0.210    -0.670
 4     0.450     0.870     0.200
 4     0.540    -0.440     0.710
 5    93.052    20.495    20.780
 5    -0.200    -0.160    -0.970
 5     0.620     0.740    -0.250
 5     0.760    -0.650    -0.050
 6   105.905    27.741    38.987
 6     0.350     0.200     0.920
 6    -0.840     0.490     0.210
 6    -0.410    -0.850     0.340
 7    89.605   -19.245    -3.789
 7     0.630     0.290    -0.720
 7    -0.520     0.850    -0.120
 7     0.580     0.450     0.680
 8    89.566   -26.092    21.887
 8    -0.190     0.130    -0.970
 8    -0.370     0.910     0.190
 8     0.910     0.390    -0.120
 9   104.237   -33.827    40.230
 9     0.500    -0.110     0.860
 9     0.830     0.340    -0.440
 9    -0.240     0.930     0.260
 2    65.137    -4.137    58.962
 2     0.710    -0.700    -0.070
 2     0.700     0.710     0.030
 2     0.030    -0.070     1.000
 3   103.472    -3.696     2.637
 3    -0.140    -0.060    -0.990
 3    -0.060    -1.000     0.070
 3    -0.990     0.070     0.130
 4    91.527    13.202    -4.414
 4     0.710    -0.220    -0.670
 4     0.460     0.870     0.190
 4     0.540    -0.440     0.720
 5    94.542    21.294    20.323
 5    -0.250    -0.180    -0.950
 5     0.630     0.720    -0.300
 5     0.740    -0.670    -0.060
 6   108.495    28.969    37.572
 6     0.390     0.220     0.890
 6    -0.810     0.530     0.230
 6    -0.430    -0.820     0.390
 7    89.957   -19.206    -3.969
 7     0.630     0.300    -0.720
 7    -0.520     0.850    -0.100
 7     0.570     0.440     0.690
 8    90.967   -27.035    21.622
 8    -0.240     0.170    -0.960
 8    -0.370     0.890     0.250
 8     0.900     0.410    -0.150
 9   106.934   -35.260    38.636
 9     0.540    -0.130     0.830
 9     0.800     0.390    -0.460
 9    -0.270     0.910     0.320
 2    65.136    -4.091    58.963
 2     0.710    -0.700    -0.070
 2     0.700     0.710     0.030
 2     0.030    -0.070     1.000
 3   104.461    -3.730     2.594
 3    -0.110    -0.070    -0.990
 3    -0.050    -1.000     0.070
 3    -0.990     0.060     0.110
 4    92.482    13.071    -4.777
 4     0.700    -0.250    -0.670
 4     0.480     0.860     0.180
 4     0.530    -0.440     0.720
 5    95.949    22.527    18.969
 5    -0.260    -0.230    -0.940
 5     0.640     0.680    -0.350
 5     0.720    -0.690    -0.030
 6   110.702    31.075    35.502
 6     0.440     0.260     0.860
 6    -0.790     0.560     0.240
 6    -0.420    -0.790     0.450
 7    91.293   -19.426    -4.367
 7     0.620     0.330    -0.710
 7    -0.550     0.830    -0.110
 7     0.550     0.460     0.690
 8    92.384   -28.557    20.566
 8    -0.250     0.230    -0.940
 8    -0.400     0.860     0.310
 8     0.880     0.450    -0.120
 9   108.996   -37.490    36.920
 9     0.560    -0.170     0.810
 9     0.780     0.420    -0.460
 9    -0.270     0.890     0.370
 2    65.179    -4.090    58.961
 2     0.710    -0.700    -0.070
 2     0.700     0.710     0.030
 2     0.030    -0.070     1.000
 3   106.359    -3.750     2.481
 3    -0.060    -0.060    -1.000
 3    -0.050    -1.000     0.060
 3    -1.000     0.050     0.050
 4    94.720    12.999    -5.075
 4     0.730    -0.250    -0.630
 4     0.470     0.860     0.210
 4     0.490    -0.450     0.750
 5    94.352    23.483    17.987
 5    -0.090    -0.280    -0.960
 5     0.680     0.690    -0.260
 5     0.730    -0.670     0.130
 6   105.009    33.449    36.482
 6     0.270     0.330     0.900
 6    -0.850     0.520     0.070
 6    -0.450    -0.790     0.420
 7    93.727   -19.525    -4.966
 7     0.660     0.340    -0.670
 7    -0.560     0.810    -0.140
 7     0.500     0.470     0.730
 8    90.863   -29.761    18.721
 8    -0.060     0.290    -0.960
 8    -0.450     0.850     0.280
 8     0.890     0.440     0.080
 9   102.882   -40.535    37.474
 9     0.370    -0.240     0.900
 9     0.870     0.430    -0.240
 9    -0.330     0.870     0.360
 2    65.136    -4.091    58.963
 2     0.710    -0.700    -0.070
 2     0.700     0.710     0.030
 2     0.030    -0.070     1.000
 3   108.678    -3.477     2.572
 3     0.020    -0.040    -1.000
 3    -0.040    -1.000     0.040
 3    -1.000     0.040    -0.020
 4    97.354    13.022    -5.031
 4     0.790    -0.240    -0.570
 4     0.430     0.870     0.240
 4     0.440    -0.440     0.790
 5    92.077    24.038    16.672
 5     0.150    -0.300    -0.940
 5     0.680     0.720    -0.120
 5     0.710    -0.620     0.320
